-2.24341	-9.26418
0.116795	0.184573
4.70363	-4.54275
7.02964	-1.92536
5.7776	-8.29167
3.02507	-0.267594
3.66744	-3.85235
2.26204	-6.07902
3.2253	-0.869047
4.04469	-5.86566
-1.18918	-3.56011
8.31881	4.02501
7.68091	-8.68904
5.90761	-18.3459
7.90388	-17.333
12.374	-19.7226
4.50645	-13.8228
0.0422658	-8.32066
-3.47338	-4.52057
-3.26514	-5.49178
-4.33027	-5.89338
3.27507	-9.09488
5.32985	-7.47592
4.49169	-3.21878
5.5796	-6.64655
1.66898	-9.94694
-4.50642	-10.5221
-1.63076	-9.28036
-0.715907	-13.341
-0.32994	-8.19773
-13.6894	-14.4922
-16.2813	-11.3715
-14.5161	-10.2131
-10.2807	-10.4836
-4.7309	-10.8979
-1.08944	-11.5876
0.610315	-11.3115
2.31329	-10.094
4.6182	-10.4904
5.23709	-9.28033
4.73974	-12.2676
4.80817	-14.9146
3.36099	-20.8942
3.50859	-22.7764
5.05889	-25.5477
1.72315	-23.4027
0.018491	-21.711
0.159686	-18.0021
0.815707	-15.4344
-1.92346	-12.2529
-4.24859	-10.4061
-8.24317	-8.52144
-10.3263	-11.3782
-11.6586	-12.8934
-12.2526	-12.1769
-13.3069	-13.0588
-12.3104	-12.5217
-10.6834	-11.2461
-10.6239	-11.6492
-7.47488	-13.6762
-5.77699	-13.8051
-1.53787	-16.4326
0.570764	-19.188
2.67669	-20.7395
3.88255	-21.0356
6.13731	-20.1814
8.48893	-20.725
8.07675	-18.4957
7.92213	-17.4263
10.7564	-18.1748
8.32852	-16.3686
7.86502	-20.5483
5.37674	-20.5655
4.81552	-21.4596
5.18065	-20.423
6.63606	-17.808
7.26203	-18.0135
4.80385	-16.0619
5.95027	-15.9402
8.20493	-17.6845
9.69021	-18.4364
12.2208	-14.5696
8.03906	-13.2425
7.00443	-12.8714
3.17864	-14.2029
-2.97461	-8.04604
1.2997	-10.9957
-2.187	-10.09
-3.09893	-23.9117
-0.159149	-27.4224
0.470052	-27.034
4.60522	-27.3381
2.34648	-23.0061
1.60158	-18.4178
2.65403	-16.6061
3.22925	-14.1516
3.54898	-12.7091
4.2726	-10.876
2.63215	-8.81356
2.92434	-8.22163
1.52729	-6.62719
2.52192	-9.8217
2.21181	-9.90544
2.76252	-14.0369
2.77903	-14.8238
2.75327	-7.12566
-0.387755	-13.1766
5.71495	-17.1573
4.70051	-16.5284
2.45855	-12.3473
0.221301	-10.7633
0.260506	-13.0357
1.45095	-8.62339
7.20258	-5.87006
8.6325	-3.62657
8.81734	-5.60479
14.6079	-4.83916
9.74351	-2.91481
8.52495	-7.54291
-1.23779	-7.55964
-4.91455	-12.2714
-10.8258	-15.0209
-14.4914	-12.4957
-17.1909	-15.8238
-17.8586	-15.7823
-16.83	-15.6738
-17.6301	-14.2395
-15.2766	-13.2666
-13.3954	-14.3241
-12.1239	-10.5775
-5.08966	-14.4032
0.180787	-13.919
-2.01778	-9.07709
5.39581	-4.65309
-0.495018	-1.83784
-2.82243	-4.70963
-5.77433	-3.01315
-8.44278	-0.662638
-6.90519	-5.75096
-6.30012	-6.35226
-8.91975	-3.76982
-7.40427	-7.13907
-11.7441	-3.76812
-9.43257	-2.39456
-8.51787	-3.60642
-5.30986	0.0086419
-6.19268	-2.63779
0.404806	-9.53764
-0.848224	-4.14791
-1.71619	-4.57893
8.76249	-4.23062
10.1769	-3.21667
5.70587	-5.67597
3.66854	-3.37805
3.06337	-8.29531
0.978132	-3.79254
2.60687	-6.81681
-1.63402	-14.3811
-1.2676	-16.1641
-0.739238	-15.9939
-0.696739	-18.0369
-1.29429	-19.3879
0.965577	-19.8043
3.8828	-21.2272
8.14731	-19.1128
12.5811	-19.1801
15.0742	-17.9117
12.5254	-20.4787
14.7962	-20.8124
11.0799	-16.096
3.65398	-17.1925
-0.417658	-23.4569
-2.56278	-19.9046
-3.65678	-16.8176
-4.72776	-15.0868
-6.59889	-12.4698
-7.19437	-11.67
-6.88685	-6.7001
-3.89086	-1.52919
0.0789874	-9.30942
-1.81685	-7.462
-4.85779	-6.94206
0.400002	-10.2652
-1.41482	-12.2643
2.33353	-14.7285
-1.10623	-14.5774
6.59854	-21.3928
4.58251	-25.2645
4.09586	-27.6758
2.21253	-25.8665
2.90441	-26.4124
3.50557	-26.1068
6.24933	-26.3422
6.39465	-22.5442
6.40096	-17.6644
5.3325	-16.315
1.30456	-12.5871
-4.03023	-16.1551
0.904389	-9.26901
2.33366	-18.7712
7.04324	-10.904
11.5446	-7.81551
5.69023	-16.4033
7.06311	-17.8895
5.04093	-16.4469
5.51389	-18.5824
5.54039	-18.0211
5.41821	-20.191
6.889	-20.6733
3.36351	-18.3126
6.18267	-14.5856
4.10845	-8.47242
3.90121	-19.5048
2.53977	-20.8931
1.6045	-15.649
0.688053	-16.1029
1.92046	-17.995
1.10082	-13.4986
2.75808	-10.8304
4.07326	-11.8156
1.24665	-8.44782
3.34901	-11.9418
3.50964	-8.64461
4.28838	-8.81616
0.0130501	-9.20868
0.526544	-12.972
1.23341	-15.8991
-2.84598	-10.6824
-0.417705	-13.8638
8.86891	-19.4524
7.26809	-21.8719
6.59916	-16.6228
6.28875	-17.828
5.74226	-21.1622
8.60492	-16.9104
13.3861	-15.6948
11.5156	-9.03795
9.43475	2.49117
5.55858	-2.70201
4.81929	-6.47312
3.36012	-12.0517
1.57356	-16.0601
1.60028	-6.3223
5.50903	-0.378997
1.84403	-3.77433
3.32524	-7.00574
-0.25535	-7.10473
0.496437	-4.39004
3.43019	-3.14718
1.54061	-5.08241
-0.329504	-4.35822
4.49349	-2.77503
-2.6211	-8.11736
0.826535	-5.50822
2.06942	0.271421
2.88623	-7.85484
9.19478	-13.9315
-0.530816	-6.54609
-3.3239	-9.95623
-2.23375	-12.5057
-2.42613	-12.5803
-3.14051	-13.8256
-6.96325	-9.23064
2.86579	-8.58496
-1.42484	-9.59351
0.538644	-10.6236
-1.92869	-11.5756
-2.84355	-13.7839
-3.52813	-12.6337
1.36942	-10.0485
3.99887	-13.0002
6.95351	-14.5889
5.13926	-11.2116
2.94011	-10.7855
-1.77597	-9.21261
-3.90606	-11.5675
2.98831	-4.61596
4.29875	-3.99293
1.85032	2.68408
-2.02022	-4.64833
2.95033	0.253544
2.46478	-4.28312
4.46706	-3.24437
-1.70065	-4.35975
1.1376	-2.30431
1.18437	-8.29929
0.0342175	-3.92783
2.42566	-4.19588
3.39908	-4.21007
-1.33928	-4.88499
-1.66031	-7.47558
-4.15645	-4.50025
-18.282	-16.6251
-13.1099	-19.4377
-7.90161	-15.2131
-7.52494	-12.5764
-1.55437	-5.74782
-18.1476	-17.5063
-19.9123	-16.3192
-18.4321	-11.9622
-15.7899	-5.6584
-12.2015	-2.73649
-6.70425	-2.69315
-1.45794	-4.97055
1.43999	-7.47317
3.90447	-16.665
6.42836	-24.9947
6.18265	-16.6721
7.72354	-19.9213
2.50877	-13.511
-3.21944	-17.4747
-7.92962	-15.0093
-5.80388	-11.4197
-2.62345	-15.246
-5.03619	-17.628
-1.84042	-18.604
-1.15885	-23.429
-1.81412	-25.6215
-1.61839	-25.4157
0.052577	-21.5701
-0.0227002	-17.8484
1.79955	-14.5068
2.49591	-12.3723
2.22313	-10.3638
2.51482	-10.1506
1.23961	-9.69902
-1.77594	-7.38058
3.60198	-10.7545
7.37648	-7.10841
5.63186	-6.87226
3.43051	-7.82921
1.50338	-7.97385
0.38925	-9.26498
2.02802	-10.0364
2.01654	-14.557
1.84196	-19.7733
-1.21604	-21.0635
-1.48734	-22.6306
-4.00574	-22.5223
-4.18847	-23.5984
-6.21438	-21.9629
-4.55793	-21.2866
-2.85569	-11.225
2.6171	-13.712
1.16204	-12.6941
1.6163	-15.6414
2.10537	-9.47406
7.98349	-10.7735
-7.60184	-4.98679
-15.8758	-4.59923
-5.70205	-14.3527
-2.55842	-13.6285
-0.660501	-19.4452
4.39545	-11.6082
2.48668	-6.90566
-1.20913	-6.88593
3.05513	-7.76843
1.40797	-8.32274
1.52407	-2.94312
-0.097505	-5.48838
0.977296	-8.96142
3.15971	-3.56065
-11.7033	-3.51114
-24.006	2.3271
-22.075	0.32908
-15.7062	-3.35528
-10.0997	1.01461
-14.9448	-11.577
-15.8494	-11.6569
-16.0966	-11.2328
-17.2425	-8.79441
-17.1077	-10.3726
-14.9693	-11.9805
-11.8675	-9.9486
-5.79691	-12.2623
-1.13452	-11.9642
4.78867	-13.0701
5.29742	-14.7974
-5.19291	-9.64936
0.0578206	-13.2229
-2.952	-14.6442
-2.49914	-8.98038
-2.84136	-4.43542
0.632422	-10.0761
1.36765	-8.67678
1.24733	-6.87257
-1.8199	-7.95641
-9.56528	-8.25773
-19.5476	-10.3874
-10.5333	-7.7459
-3.82635	-14.6385
-7.74584	-13.9401
-9.50855	-14.8808
-5.19524	-18.7773
-0.0475094	-20.0757
0.458914	-20.1657
2.04768	-22.4238
0.265174	-23.0221
-1.36471	-19.4555
-1.22189	-20.5586
-1.26346	-20.094
-1.3259	-15.2493
0.475875	-13.3899
-2.63179	-9.59137
-4.20402	-9.25544
-5.70867	-12.2133
2.00432	-11.4511
0.195083	-6.56392
3.72811	-1.69933
-4.64225	-7.80449
-0.932607	0.450773
-5.98221	-7.48817
-5.82116	1.1422
-3.32928	-5.89215
-6.58888	-7.00786
-6.59143	-7.24429
-9.678	-4.48974
-9.51008	-1.27159
-1.47223	-1.23075
-6.60458	-0.884082
-9.44376	-4.80503
-2.04922	1.63417
-2.22214	5.2419
-4.61618	-1.86698
-4.08603	-0.731725
-4.88656	-0.906022
-3.51156	-3.80156
3.42909	1.0142
4.38296	-3.12334
4.20857	0.262889
3.63912	-5.43237
3.4712	1.9212
2.96872	-2.78919
-0.391148	-6.17838
4.89413	-2.71989
8.21885	-9.21609
10.0283	-11.4399
2.48978	-17.5083
-2.79954	-7.3173
0.0243944	-10.1359
-0.171572	-10.6523
-6.06075	-7.8207
1.30136	-10.0418
3.92293	-14.6331
6.38863	-16.5466
7.43453	-15.6077
3.93366	-12.0571
3.5104	-11.3274
0.110209	-12.1965
-2.04228	-9.07381
3.10006	-7.03464
-1.52209	-6.72577
-0.494929	-8.97516
-3.73487	-18.6344
0.73918	-15.7986
3.64613	-17.5699
2.02036	-29.4505
0.286819	-29.8116
0.0786299	-28.6783
-0.892653	-28.3884
-1.46892	-27.105
-1.27214	-26.2161
-1.91975	-25.3741
-0.406766	-27.0827
1.36335	-28.1303
6.03807	-29.9418
15.5016	-18.7335
8.76908	-20.1716
9.28017	-17.8742
8.11774	-17.8277
12.3714	-10.6504
6.34346	-11.6446
-3.08043	-10.8501
-3.39885	-2.70993
0.487824	-4.0945
0.468162	-5.03106
-3.36906	-0.639043
-5.09774	-0.861206
-2.49646	-4.21384
2.90894	-0.553973
6.03694	-2.56968
10.7555	-5.34231
13.4147	-4.31991
7.32141	-7.639
12.4109	-2.58906
4.8979	-4.45902
5.81951	-9.99253
10.0575	-19.3922
7.19857	-22.4244
4.41049	-19.7101
4.53853	-18.2572
2.12262	-21.2723
2.17645	-19.1025
2.17328	-19.5009
2.17939	-19.7795
2.41423	-21.9385
1.25933	-25.057
-0.38965	-26.9421
-1.0467	-28.1566
-0.841501	-25.9339
-0.408084	-24.0044
-0.975118	-20.9308
-0.30337	-18.1897
0.306549	-16.6274
0.779982	-15.0884
-0.508045	-12.1856
-2.92526	-9.57796
-5.50032	-9.33497
-7.79326	-10.0663
0.614879	-8.84987
3.21425	-7.16286
5.77463	-6.97157
4.6202	-4.96107
10.2058	-3.23064
9.10195	-5.73885
5.13678	-3.61283
6.84976	-8.36589
6.68207	-6.52585
3.80119	-7.58392
-8.65819	-6.7064
-13.0519	-7.65402
-13.1474	-5.83649
-12.0203	-6.89124
-10.252	-4.82405
-9.65445	-5.90367
-8.65972	-5.48581
-8.24764	-2.96033
-5.77398	-4.61872
-5.97999	-0.275782
-8.28193	-2.6084
3.47043	-3.00706
0.36551	0.389393
-3.93434	0.463516
-4.24989	-2.28586
-3.84043	-2.27179
0.452911	-2.47783
0.234736	-5.58419
-3.6063	-4.96514
-1.45175	-7.49328
-3.72488	-7.14773
-5.20623	-5.88189
-6.29568	-7.58791
-6.4004	-8.52477
-6.75719	-8.4464
-7.28017	-8.71531
-5.19985	-11.8407
-2.38982	-14.9909
1.76046	-14.1608
0.954104	-6.59462
4.68161	-11.8603
2.85862	-16.6132
4.34357	-18.2955
6.11683	-17.732
5.37039	-12.0396
1.63469	-7.57032
7.16308	-11.6157
8.4431	-11.5096
11.0906	-13.262
8.49518	-11.3938
8.87184	-10.3173
8.12933	-8.38826
8.57339	-7.59796
1.97594	-7.40901
-1.30869	-10.9233
-2.41767	-14.1713
-2.83385	-15.5426
-3.06344	-17.1825
-4.00681	-18.8876
-4.12144	-19.9564
-3.78483	-21.8973
-3.58967	-23.1596
-3.8699	-24.8239
-4.40201	-24.9066
-5.36277	-23.9758
-1.08047	-23.6253
1.77911	-20.2128
2.40601	-21.2579
3.12773	-22.0932
5.7693	-24.1794
5.7101	-23.5263
7.05449	-21.3603
2.68956	-20.3609
2.99861	-19.8097
2.40373	-15.5088
2.27316	-13.1616
-6.80716	-7.31518
-0.113353	-1.15562
-3.76777	-5.90536
-0.68343	-1.42782
-3.27445	-9.41613
-8.52423	-12.1183
-10.9956	-7.99744
-9.98518	-7.31276
-7.81124	-10.1707
-3.49715	-3.60006
-10.3036	-4.44697
-0.93102	-7.94387
-1.25234	-8.79402
-0.609541	-13.9541
-1.83892	-12.2576
-3.49007	-9.91511
-0.696361	-9.60057
-1.3164	-12.7723
-1.21607	-9.05807
-6.37886	-19.5025
-1.65193	-12.4089
-0.967543	-8.80625
3.44371	-4.44708
3.7188	-2.40216
3.30682	-5.1149
-0.989155	0.982354
-9.37584	0.999989
-8.83541	2.12329
-9.64719	1.1397
-13.2369	-2.27835
-7.56998	-2.31456
-8.61483	0.317408
-6.62834	-0.195666
-8.67958	-2.62203
-6.08872	-4.07029
-8.4731	-5.18875
-8.54401	-10.1061
1.5992	-1.05968
0.490723	-11.3828
0.128497	-14.1123
5.9035	-17.3763
8.35711	-10.7884
13.4541	-8.76237
10.3255	-18.1509
10.0975	-18.8008
8.38838	-16.0119
7.59124	-15.0108
7.36395	-17.2111
7.06198	-17.8209
7.47096	-11.5403
8.85459	-9.17881
8.92165	-8.20284
7.72368	-5.69761
7.9499	-7.08863
-0.198838	-12.4259
-8.35806	-10.9533
-9.5676	-8.11921
-7.91699	-7.09553
-6.0211	-7.1956
-3.44412	-7.19199
0.0863296	-12.8091
4.78861	-18.4927
9.27839	-15.9149
10.9411	-17.7379
12.4522	-21.5747
12.5212	-21.8393
13.351	-19.7015
12.6907	-21.4815
13.7389	-18.4869
11.7752	-14.4663
11.2117	-12.571
12.2854	-13.3871
11.6266	-18.5423
9.61208	-15.9426
8.00915	-15.3789
5.97684	-11.3258
2.94416	-7.91754
0.991132	-7.82189
1.33529	-6.14766
1.41336	-7.28051
1.66205	-8.79239
2.17391	-11.6727
2.90169	-16.2664
4.248	-23.1221
6.42114	-18.0146
7.31179	-17.6431
7.92435	-20.06
9.41877	-18.7751
9.60598	-20.0242
7.65109	-18.5175
8.51938	-17.9178
7.65764	-15.1123
4.74302	-11.431
4.2843	-9.44726
-0.182368	-3.27094
1.90912	-3.4701
-1.5333	-8.38748
-0.717733	-13.4267
-2.25947	-12.6903
-4.23408	-12.0437
-7.25347	-10.1811
-10.2492	-8.73564
-13.6706	-8.78168
-15.8332	-8.46558
-17.052	-6.04808
-14.1661	-7.55095
-4.30866	-9.12291
4.89848	-16.9497
7.64007	-16.4533
-0.864776	-12.1039
6.4742	-22.9253
1.5541	-25.5578
-1.85938	-24.4439
-3.53852	-23.9933
-3.22305	-24.7911
3.57167	-19.1222
5.3199	-22.4302
5.39648	-19.7777
5.02318	-19.6316
3.12646	-16.0952
5.83985	-15.5297
5.31783	-11.5671
5.90049	-11.1244
4.46391	-8.87115
0.43484	-5.66146
0.731724	-6.82755
3.65517	-5.33079
5.4256	-7.28018
-3.35405	-7.44435
-0.242818	-10.4383
-0.811353	-10.7734
0.257396	-5.06779
-1.4817	-12.3583
0.663435	-12.8532
1.48411	-18.9996
-3.11163	-18.5485
-1.2066	-17.3064
-3.24294	-14.7425
-3.82164	-15.5724
-4.10062	-16.5283
-4.38686	-16.5008
-2.08641	-13.273
-2.52741	-12.0704
-2.57064	-13.075
-2.87258	-15.5993
-1.8826	-15.3832
1.42247	-12.3395
1.3117	-16.312
1.82505	-19.1464
6.62274	-5.34287
2.04752	-10.801
-0.486777	-19.3499
-3.77621	-8.54365
-3.4173	-10.1052
-6.74379	-7.39085
7.04583	-2.13853
5.68465	-6.31553
6.44236	-9.00645
10.3588	-14.386
10.2312	-14.6895
10.1506	-9.43298
8.65812	-7.84917
7.64868	-8.86085
12.853	-7.34619
6.94672	1.61511
6.45459	1.4826
5.74677	-1.86473
3.90807	-0.158845
0.304426	-5.19961
4.61352	0.531741
2.76286	0.0676476
1.22117	-5.51107
4.13922	3.04545
2.49905	-2.44248
5.33828	-1.69436
2.96607	-3.77196
4.16782	-2.37931
5.7479	-3.83945
4.73183	-2.55934
2.90127	-1.06007
2.05061	-6.61227
2.15505	-7.33525
9.22491	-4.15265
6.61512	-6.06298
10.4538	-0.627455
3.32892	-0.580026
9.20763	-7.62892
7.60024	-0.292648
5.25785	-1.49663
2.64474	0.39609
3.70043	-3.90213
7.287	-3.09846
10.9485	-7.36624
12.3259	-4.88219
10.1059	0.44409
10.9023	-5.06785
8.10624	-1.52096
8.25932	-3.33615
7.53951	2.5532
-0.874161	-2.69107
-0.946262	-8.03302
-3.41975	-10.9133
-4.62577	-12.7614
-4.2754	-10.2674
-7.20625	-6.90886
-6.83788	-3.84809
0.327889	-2.24293
4.35321	-6.40482
0.769226	-7.11518
5.59019	-5.07407
4.14984	-7.88191
-0.10021	-6.81674
-7.7897	-12.8692
-13.648	-15.4303
-15.253	-13.0929
-11.4242	-16.3391
-15.2142	-13.0013
-12.8455	-12.9888
-13.4069	-13.7172
-12.5212	-13.3823
-9.05643	-14.7971
-2.19319	-14.945
2.49208	-11.8321
1.63138	-10.3703
3.60579	-11.0285
5.0954	-12.7849
4.95842	-11.6334
3.41957	-10.6591
5.99125	-13.3242
-0.303044	-10.5627
0.221583	-16.6893
1.77263	-21.3061
-0.465917	-22.8551
-1.63383	-25.0885
-1.66615	-26.2154
-1.09166	-27.4637
-2.40387	-25.8092
-2.89883	-25.8832
-4.29524	-25.1555
-5.19714	-27.1998
-5.23492	-26.8815
-3.67958	-23.491
0.399547	-19.7011
-2.02934	-18.894
0.471063	-19.7151
-1.32618	-18.8703
-2.49665	-20.1016
-2.01809	-18.0492
-1.98894	-19.2257
-2.27254	-18.5631
1.6962	-19.28
0.113842	-12.7587
4.16004	-14.0631
6.28455	-11.4884
7.43153	-8.20144
9.15251	-12.7379
8.531	-7.70138
5.93263	-4.69111
4.79686	-6.50956
3.29609	-6.07439
2.12163	-9.55425
6.16188	-12.5534
5.64444	-8.58295
1.58959	1.92089
2.03444	6.14667
-1.46376	-2.10909
0.194132	-6.65266
-3.54557	-6.97435
0.790974	-1.19292
4.0695	-1.2286
2.13245	-4.60097
1.56177	-3.05993
0.336811	-2.58981
-1.73683	-3.49584
2.14568	-4.94149
1.96668	-1.60471
6.08473	-5.03658
1.10322	-5.93919
-10.3748	-11.2705
-6.46224	-11.0896
-4.00848	-11.7257
-0.482786	-8.99622
2.34097	-3.39977
4.45852	-8.28288
4.66355	-11.3346
7.08992	-18.2869
7.53838	-17.5517
10.5255	-24.0758
12.0804	-24.6681
13.184	-25.232
13.2194	-24.4186
12.4992	-26.3752
12.5114	-23.4691
13.1428	-25.185
13.0102	-22.6332
11.5282	-21.6097
10.6712	-22.6146
6.98299	-16.7599
3.20341	-20.3468
0.155843	-20.4457
-3.18052	-21.2101
-4.15961	-15.4069
-7.45676	-13.3283
-7.58022	-9.48518
-8.66438	-7.7963
-8.35266	-6.37507
-8.41501	-4.82208
-9.64025	-4.90781
-10.4809	-3.63674
-9.8804	-2.63338
-5.85008	8.27479
-4.51999	-2.86638
-9.79092	-10.9155
-11.0177	-9.87898
-5.58205	-11.007
-3.52714	-4.22849
-0.252391	-6.9615
-8.11769	4.33449
-9.01643	4.59977
-0.801616	-3.81418
-10.0558	-11.6193
-10.2427	-13.8134
-14.7918	-11.8995
-18.2685	-10.6875
-20.5456	-11.0047
-20.7342	-10.5441
-19.4004	-9.04344
-16.1773	-10.4578
-11.6292	-7.17905
-7.6882	4.63348
-6.84612	-4.42671
-8.778	-9.20011
-5.11624	6.34552
-5.21432	-4.55635
-9.57855	-3.36262
-12.1105	-3.39744
-3.41922	-1.05786
-1.49513	-3.63419
-6.08707	-7.52617
-5.85537	-6.03343
-7.45147	-3.54993
-5.83836	-9.63561
-1.12021	-7.98753
6.25034	-15.7333
5.8435	-20.9149
3.55412	-20.5691
2.99511	-20.7446
-2.49859	-25.7502
-3.52162	-23.0131
-1.2764	-10.5391
0.810423	-13.9706
2.2264	-16.2196
1.84819	-15.6534
2.50451	-14.1913
2.38847	-15.151
3.0157	-17.5077
4.19943	-13.8101
3.80514	-10.4473
7.16688	-7.37085
9.328	-5.33656
8.87873	-6.04328
1.7701	-6.61401
2.48851	-9.6959
-0.53868	-4.61461
-4.99773	-11.8257
3.06753	-17.0842
6.40497	-19.4597
4.85871	-25.8031
7.4242	-25.2035
8.43448	-23.3558
10.673	-21.5901
9.42596	-14.9719
11.5071	-5.09574
11.2209	-5.27792
5.33622	-13.231
7.03597	-5.12018
4.75587	-7.37091
-5.59177	-5.46952
-9.32729	-5.54567
-3.39426	-4.19023
-6.46228	-4.80055
-11.7081	-6.04632
-15.3872	-7.50704
-19.3498	-9.02699
-19.8677	-10.6938
-19.4024	-10.9966
-18.2912	-11.9032
-13.25	-16.0229
-12.4773	-15.4855
-13.5225	-14.3284
-16.7279	-7.33358
-16.7269	-7.69366
-17.0627	-4.47404
-17.1724	-5.43503
-15.267	-9.41908
-13.63	-7.29097
-8.97293	-7.27108
-10.3409	-3.33685
-5.41548	-5.74346
-3.82647	-5.28498
-1.78286	-4.97017
-2.42491	-4.39918
-2.50571	-5.80015
-2.4571	-6.69551
-1.55722	-8.02046
-1.94494	-5.90082
-1.68588	-3.52904
-2.51639	-5.04702
-4.24674	-5.62048
-0.716142	-8.41328
-3.86904	-9.43786
0.113606	-6.54315
-1.017	-7.07574
-1.46085	-7.94163
-4.00473	-4.06666
2.29931	-7.96905
0.76228	-7.23014
-4.27679	-11.2216
-1.80093	-11.6764
-3.46659	-12.3363
-0.797545	-10.1355
-4.20982	-11.0265
-3.61782	-7.03162
-2.11274	-6.63397
-0.501509	-2.27385
-3.34158	-5.55789
1.94392	-0.696517
0.329892	3.30073
-0.354772	1.13109
1.66676	3.78334
-0.341468	-4.16315
1.28083	0.828795
0.928707	-1.21511
2.34504	0.48462
2.25207	0.773496
2.37751	-0.897741
4.73799	-4.1869
1.53458	-2.02889
2.39723	1.12921
5.45152	-5.53368
4.31738	0.843087
3.76547	-5.78571
-0.40858	2.10555
4.68837	2.7291
1.04385	1.85447
1.26984	-3.24791
2.26875	-4.79659
2.56442	-3.18374
1.19632	-1.435
-0.413551	-1.82879
4.32884	-2.79989
6.54838	-1.11154
5.76299	0.393029
0.140041	0.414003
-4.10189	-2.27344
-3.18064	-7.09142
-13.1758	-14.4773
-5.86463	-10.1697
-4.57156	-12.9721
-2.98025	-10.7586
-4.1862	-11.8938
-3.37194	-11.2272
-3.7431	-12.7338
-0.793624	-14.8827
-0.505776	-9.31838
-0.814582	-6.90193
-1.37914	-11.2667
-0.907508	-11.2973
-3.75411	-13.0459
-0.713169	-9.15938
-0.40539	-6.9113
-3.58645	-9.09723
-1.94493	-11.4437
-0.8145	-5.00605
-3.30712	-1.35666
4.61845	-3.20858
-5.36162	-3.68482
-9.11982	0.11085
-1.61127	-0.325272
2.03728	-1.88631
0.538381	1.03088
-0.267401	-0.509541
0.6754	-6.94034
1.53432	-2.51797
0.257017	1.70411
0.16723	-3.25241
1.30174	-1.29437
5.93487	1.41351
0.358156	1.4606
4.75959	0.683753
4.93023	-4.82883
-3.58921	4.10496
-5.51211	0.471613
-4.21309	-1.6042
-4.10469	2.47391
-6.21718	-0.605392
-4.26693	-0.591165
-6.23794	0.22729
-8.56754	-1.4264
-5.39952	-5.56157
-5.71557	-8.22554
-3.52197	-10.4643
-0.210879	-10.926
5.49286	-0.465291
1.32563	-4.51668
0.771195	1.93008
4.005	2.7602
3.79148	-0.214214
0.702155	-3.43557
-1.25861	-10.1343
-4.94199	-10.3804
-1.76387	-11.0235
-2.77944	-12.7009
0.12455	-10.341
-3.91166	-12.2172
-2.70671	-15.2873
-1.36855	-16.1312
-0.941526	-14.1118
-1.3987	-14.5647
-1.70233	-12.5324
-1.08158	-12.6931
2.83437	-6.43556
-3.98781	-2.24152
-2.25773	-3.85364
-3.95036	-6.00653
-4.91888	-2.003
-5.19147	-1.54647
-1.26357	-0.518778
0.257973	-1.42176
3.86038	6.07427
5.11571	-6.81638
4.0447	-9.81983
2.79834	-11.4974
2.83894	-11.7426
-0.867564	-10.8771
-7.78352	-13.4187
-11.6779	-10.9854
-13.0747	-9.88675
-12.3833	-9.9862
-12.0805	-9.4819
-10.9931	-9.82271
-9.91185	-10.7743
-5.80439	-12.2556
3.66401	-9.75695
5.65821	-10.2141
7.37974	-10.3261
7.9825	-10.4736
8.26552	-11.8732
7.98543	-11.7529
4.47096	-11.9025
4.14681	-19.2978
2.96953	-25.8114
0.581135	-29.3301
-1.67604	-29.4315
-3.94542	-30.1247
-4.27441	-29.8374
-4.34891	-29.3776
-4.97316	-28.6175
-4.8399	-26.3248
-5.53881	-25.6491
-5.95401	-23.6118
-4.05243	-25.167
-1.61752	-23.4775
1.18184	-21.1254
4.69555	-21.2263
2.45594	-18.7334
1.36547	-20.7598
3.97635	-21.6122
4.66778	-24.897
2.95081	-17.7459
3.58761	-10.1137
4.22213	-4.24335
-6.3821	-10.0867
-10.0235	-8.62677
-9.99686	-6.43248
-4.17245	-2.41339
-8.37197	-6.86826
-1.85332	2.30443
-4.79196	-11.5724
1.79957	-6.00468
-1.24053	-10.2184
2.32528	-7.06852
3.06999	-4.23604
-1.59144	-4.13758
0.425726	-6.17591
1.82111	-4.59359
4.40046	-6.41998
-2.23634	-5.26978
2.05164	-4.89182
1.74895	-2.77004
3.15331	-6.21466
3.7046	-2.55886
5.2937	-5.93306
5.86356	-6.95785
6.72374	-8.93893
3.02771	-8.19571
1.84096	-8.8686
7.74702	-17.9059
9.386	-17.3227
8.28372	-17.6723
7.56182	-16.4613
-0.837553	-10.5673
-1.98666	-11.5438
-2.57619	-10.8661
-2.29941	-10.6325
-2.86079	-8.99486
-2.83226	-8.26752
-2.6853	-6.38524
-3.40357	-4.15442
-1.66917	-3.93287
-1.03421	2.10464
-2.81876	-4.51443
-8.57968	-8.10894
-1.88459	-0.246482
-1.00487	-2.93226
-4.56468	0.333973
-6.3033	-7.64455
-2.57607	-3.95672
0.0640679	-5.83817
1.49848	-3.78813
1.12643	-4.71593
-2.45548	-9.70934
-3.19233	-9.19141
2.8041	-9.16973
-0.376232	-9.74398
-1.50455	-12.3617
-3.97923	-10.3285
-4.94707	-10.4409
-5.10672	-10.1381
-4.37794	-11.6416
-3.45627	-11.9588
-1.68554	-13.5824
-0.923705	-16.2513
5.35613	-7.98468
-1.34137	-3.98255
3.64455	-2.6803
3.80217	-0.191615
5.03994	-4.48609
1.66524	-0.312736
7.51461	-0.924104
8.11709	-10.8437
11.7923	-18.1043
10.8316	-14.8105
10.9117	-12.7107
11.0289	-11.2422
11.4013	-12.0201
8.47946	-10.4352
-2.09298	-14.3979
-0.960154	-16.6688
-3.96022	-17.6439
-3.429	-18.2199
-2.36192	-20.4725
-3.3508	-20.3498
-3.46846	-20.598
-4.33899	-20.096
-5.45678	-16.0487
-1.37384	-12.0464
0.791648	-10.0142
-1.03054	-4.72671
3.39459	-4.05318
2.9531	-7.00661
2.62136	-6.96478
5.92406	-7.7906
-3.02066	-4.10968
-14.6524	-4.54526
-8.1412	-7.41497
-7.25594	-10.0389
-0.22924	-15.9299
1.67264	-18.7101
2.35573	-18.6183
3.11433	-16.8803
5.18616	-15.5055
4.99387	-3.88972
3.97018	-11.0091
2.22875	-13.1739
7.36376	-11.6562
-1.0455	-16.4594
-11.5115	2.03272
-8.0182	-2.31707
-0.729153	-4.40982
2.49176	-7.86828
7.56169	-10.7037
-1.69101	-14.1243
1.48126	-15.3079
-6.12316	-13.2856
2.00121	-19.6274
2.2889	-19.9887
5.5367	-14.5998
9.18739	-22.9042
6.0331	-22.1399
6.17752	-20.4549
4.36062	-20.519
6.19001	-19.7749
10.0152	-14.544
11.1474	-8.10519
9.46005	-11.4513
9.07299	-6.83208
6.84233	-7.87641
1.50361	-7.03407
6.63941	-6.91352
-3.42144	-1.83046
-10.8573	-8.2804
-0.891339	-7.72545
0.888898	-9.82517
-7.02786	-11.5148
-9.77183	-11.0599
-11.1558	-11.396
-12.1474	-10.453
-13.311	-11.3275
-14.5828	-10.1435
-13.0712	-11.7816
-11.8216	-9.50057
-10.3943	-9.59975
-8.4515	-10.3215
-7.67551	-9.89722
-7.06157	-10.701
-6.44628	-13.0391
-5.3794	-9.14883
-5.88524	-4.01484
-8.34446	3.28113
-6.11231	4.52216
-3.33305	2.27073
1.28326	8.39694
2.42627	0.814485
-1.14249	-0.899986
-5.44419	-6.36262
-7.79955	-8.67968
-8.38402	-8.39713
-10.2551	-11.489
-8.78754	-10.5108
-7.88744	-8.16864
-11.6609	-11.2907
-11.6812	-11.2128
-7.34903	-6.6512
-3.6063	-3.55889
-1.83408	-8.52921
-2.81787	-2.02924
1.47961	1.36569
-4.4487	-2.56139
-7.26176	-4.28492
-6.49822	-4.52792
-4.50232	-8.23383
-3.34489	-4.20122
-2.5976	-1.12331
-9.12015	-9.31349
-9.15512	-4.66435
-4.57527	0.464102
-8.98414	-7.12874
-6.79673	-6.98321
-4.16485	-1.74914
-3.64912	0.478202
1.17569	0.780992
-1.07911	-3.58767
-0.052102	-0.964027
0.951612	2.16794
7.05744	2.51505
8.31501	0.935237
7.84966	-1.78178
3.62442	-1.76694
1.84709	-1.29847
0.916261	-3.67717
3.1435	1.86192
5.25694	1.40759
-0.00402036	0.870974
-11.8142	-8.01042
-8.18683	-9.33054
-0.496922	-13.4619
-3.72981	-13.9618
-3.29878	-16.4715
-3.98856	-16.4046
-4.85458	-15.2286
-2.28237	-14.9371
0.160783	-10.9332
8.8995	-12.1822
7.97091	-14.3525
8.36086	-14.7154
8.71149	-13.8186
8.86368	-14.0491
8.98041	-13.909
9.22195	-14.1849
9.62407	-13.842
11.6882	-15.3074
11.4101	-14.0143
10.0427	-14.3517
11.0305	-11.3895
10.4653	-7.45583
10.7057	-7.82668
13.8254	-5.96943
2.02675	-14.9221
4.84128	-23.3496
2.83835	-26.3051
1.57696	-28.1228
0.792164	-30.8649
-0.0341114	-31.7315
-0.375598	-29.9554
-0.109856	-27.7087
-0.421272	-29.1584
-0.977539	-30.0082
-0.623387	-29.0627
-0.498964	-28.6365
-0.186595	-30.3719
0.321212	-28.4256
1.27105	-29.2384
2.57765	-27.8654
6.52107	-23.2968
6.42771	-16.1833
2.89688	-11.6973
5.74037	-9.63267
6.69618	-7.70548
5.28408	-10.839
6.78037	-10.3303
6.36591	-4.93072
2.97036	-4.42752
-1.34094	-9.12031
-3.63736	-10.8165
-8.24714	-11.374
-7.99852	-10.0656
-6.99977	-8.87371
-6.20731	-7.26353
-6.84193	-4.52903
-4.88438	-6.42474
-6.8875	-3.64845
-7.19705	-2.90023
-4.44269	-3.7934
-4.66618	-4.66294
-4.19463	-5.01987
-1.89371	-6.42554
-1.68391	-6.64917
-0.679563	-7.20959
-1.58482	-6.94114
-1.02418	-10.3976
-0.819648	-12.3682
-1.49638	-13.573
2.63035	-17.3358
6.89265	-17.7656
4.9953	-17.6452
4.30067	-18.4953
-1.75302	-22.0513
-1.15553	-14.0259
-1.38648	-11.2465
-0.79945	-9.74172
-0.823223	-8.41954
-1.20596	-7.70151
-1.02228	-6.81376
-0.932519	-6.3637
-1.79468	-6.57913
-2.11635	-8.02864
-2.27522	-9.53688
-1.73816	-11.5907
3.68036	-9.88854
8.53216	-10.6664
8.31238	-11.1777
7.40103	-11.8765
5.72428	-13.6167
7.18344	-13.6549
7.56671	-13.0422
7.60126	-12.8729
5.6905	-13.2991
2.42438	-22.7035
-0.627185	-27.6652
-3.88322	-26.3003
-4.89756	-25.834
-5.59577	-24.2385
-4.04957	-26.4959
-4.34561	-26.4528
-4.69763	-26.3423
-4.44811	-26.3582
-3.19665	-26.3146
-1.21225	-25.8462
2.03345	-23.3988
-0.554955	-15.4649
-4.05459	-7.65488
-3.30064	-0.761469
-12.5366	-7.24777
-7.40129	-3.51727
-10.1111	-8.04432
-9.79779	-2.24021
-11.6621	-3.97008
-4.21047	-4.56818
-0.62759	-10.2308
-0.836538	-12.666
1.07923	-7.7806
2.68866	-7.9981
-0.302721	-5.30684
0.319426	-5.22524
-4.95499	-0.850311
-7.14313	-4.14362
-8.03484	-7.40677
-7.60007	-7.5118
-9.288	-5.74554
-11.1177	-7.4598
-9.35883	-9.21153
-7.83105	-7.10129
2.22993	-7.50652
7.43961	-3.54052
8.45988	-4.69797
8.30243	-7.40454
9.9171	-8.31559
9.79577	-8.63534
1.65888	-8.03459
0.952151	-9.3106
1.44157	-12.8297
-0.155683	-16.6481
-0.396644	-18.5898
0.568648	-22.2362
0.187439	-24.3245
-0.620583	-25.3599
-3.49855	-23.214
-3.97464	-19.4251
-5.64799	-9.24594
2.429	-14.2976
2.20422	-8.02189
2.70662	-10.4115
4.18427	-12.5799
2.86162	-10.5989
8.11289	-7.91408
5.86655	-0.0998666
-9.3681	-5.62029
-11.0912	-14.9029
3.55266	-7.84464
2.41666	-16.9362
2.53378	-19.7187
3.62982	-22.9966
2.93269	-22.2429
3.71724	-20.6528
3.78748	-20.8396
-0.159869	-15.6902
3.03119	-19.9408
0.342818	-17.8796
-2.06124	-13.8038
-7.17668	-23.2283
-7.25892	-12.2169
-7.88798	-12.701
-1.84394	-12.464
-0.742974	-15.3284
-4.12549	-13.3579
-9.43235	-19.4754
-0.614541	-10.2883
-3.32328	-12.5033
-4.14818	-16.0763
-4.52877	-6.90546
-6.17023	-14.8838
-7.09629	-15.4127
1.85909	-11.0067
-1.01266	-18.5734
-0.0214939	-19.5668
-0.123685	-22.1985
1.19236	-17.7466
2.60468	-20.0465
0.61982	-21.37
1.6873	-21.1082
1.42109	-23.4188
0.633736	-21.2737
-0.838775	-17.0416
1.09656	-16.3554
-0.126553	-20.7033
1.33056	-11.0306
-4.14982	-10.1955
5.58399	-6.87563
6.86602	-4.20308
5.53018	-12.5106
-1.59118	-8.6399
4.07298	-11.5506
-3.36986	-7.61959
0.22149	-10.2106
3.56924	-8.87594
-0.911699	-4.19008
2.45375	-0.245509
-0.855788	-4.20594
2.38452	-11.056
-0.537212	0.532778
0.748936	-8.55231
-1.32187	-7.65247
-1.56186	-1.08624
3.03589	-0.267356
5.89524	-3.48567
6.34107	-6.94505
3.16043	-2.52528
2.05467	-5.16249
1.99589	-1.57882
7.42576	-6.77894
-5.46747	-6.80909
-3.22979	-8.61916
-11.3046	-7.17525
-13.35	-6.50736
-8.85098	-5.13073
-10.4758	-7.02462
-6.7521	-6.93841
-6.81143	-7.43365
-1.58351	-7.18738
-3.99338	-4.05795
1.76629	2.99027
-6.01419	-7.66238
-10.9253	-8.12898
-4.99833	-10.9522
-5.90218	-9.67706
-4.24084	-9.78468
-2.98811	-11.3329
-0.947923	-9.61167
-1.69399	-14.2308
8.10108	-14.4971
4.73601	-18.8132
7.1655	-20.6947
5.12045	-16.6612
5.52798	-13.412
5.01242	-10.816
4.13392	-10.0359
4.71923	-8.827
4.16624	-6.15861
2.41136	-4.59133
8.93724	-7.52659
6.80504	-8.17838
3.18325	-8.32005
0.223342	-7.01226
3.31585	-9.46634
3.70488	-4.34304
1.4961	-9.98064
-7.44986	-9.75928
-8.73797	-8.64188
-4.55476	-12.9295
-4.33889	-14.8986
-5.26915	-13.5477
-4.05262	-12.9265
-4.04607	-12.5091
-3.41886	-12.3727
-2.35706	-11.7429
-1.72669	-11.5549
-1.28326	-13.164
-0.953925	-15.7505
-0.612571	-18.537
4.25512	-16.0271
4.87347	-8.0024
2.11405	-7.9153
6.66734	-5.14962
4.30761	-6.28939
7.36889	-9.05946
5.21205	-16.8025
4.23702	-17.0205
0.199816	-20.2973
3.03962	-18.4909
5.085	-17.6923
7.64701	-13.2544
8.16588	-12.2832
4.71729	-13.8565
1.0988	-21.2393
-0.490398	-22.288
-1.10361	-22.0694
0.0379488	-21.7772
2.36653	-22.2113
2.79731	-18.9343
5.12363	-18.2175
3.70192	-8.26697
4.29703	-4.93868
3.05481	-9.27259
-1.33395	-14.4643
8.53127	-5.68568
12.6512	-3.08897
4.44795	-9.69349
7.64951	-15.202
6.61261	-18.4663
5.53346	-18.3698
4.20611	-19.9308
2.73811	-18.7794
2.53787	-15.8924
-0.267496	-12.7731
1.85425	-11.4733
1.14032	-16.4026
1.29191	-17.2188
0.157086	-13.3762
0.786783	-12.5669
-0.535317	-8.88797
-1.12958	-7.74698
-0.617117	-8.47241
-0.93355	-8.21168
-0.165389	-10.1028
7.14995	-17.7726
12.0188	-18.5634
10.9507	-20.8907
11.1012	-21.007
10.7112	-21.1555
8.34811	-20.8142
10.9917	-20.8803
11.9917	-15.8558
8.84861	-11.941
-4.8451	-2.1543
-8.14089	-8.6118
-9.77574	-6.78031
-12.0447	-4.00724
-11.9301	-1.52163
-14.1502	-0.476671
-15.555	1.24387
-16.5425	0.31779
-18.4683	0.443009
-17.561	-2.33812
-18.0447	-4.54147
-18.9902	-5.08038
-16.1299	-6.57379
-10.7724	-8.22862
-3.98488	-3.22673
-3.91529	-5.89049
-1.97765	-5.78812
-1.92605	-2.83847
-1.78922	-6.31834
-0.715267	-8.22104
-0.49604	-6.46915
0.518311	-6.97958
-0.169747	-5.99661
0.1684	-5.51456
-9.18108	-14.0238
-14.1728	-13.3663
-17.0243	-14.206
-18.7366	-13.6741
-19.3478	-12.2939
-17.7249	-12.5421
-13.9703	-13.1861
-13.7197	-7.75847
-9.78832	-7.48274
-4.46191	-8.67301
-1.9351	-7.47395
-2.20592	-9.0666
1.90957	-15.4729
6.09387	-15.9665
6.26957	-13.9716
3.0566	-13.36
7.43974	-5.88927
7.51096	-10.3777
7.402	-17.9505
5.67152	-11.0163
6.13613	-13.1285
10.1923	-10.3424
12.8824	-6.13864
11.7137	-2.14373
6.65791	-0.69003
6.85381	-2.75697
1.64727	-6.94944
-0.666326	-2.5683
1.88933	-9.47735
0.051678	-8.6264
1.39321	-3.37117
0.130569	-6.31971
1.3131	-1.17045
-4.02196	-9.77471
-2.91093	-5.63529
-2.03818	0.153695
-0.954791	-4.52566
4.02807	6.81464
2.24706	2.01109
-0.304072	-5.9844
1.02037	-6.32245
4.42124	-1.2185
2.81693	-0.755856
4.05264	-2.61439
1.29444	-9.4227
-6.42704	-10.541
-8.58022	-7.70259
-0.194107	-7.43251
-2.87048	-9.0674
-4.21047	-8.01658
-4.46894	-7.75966
-5.19437	-9.18359
-1.92449	-10.2678
-1.25136	-9.49788
0.861583	-5.97772
4.33096	-6.47649
4.96564	-6.55123
4.63317	-9.82143
4.38973	-11.4226
4.21201	-15.2132
1.79754	-16.2701
1.96318	-19.3679
0.707653	-21.9649
-0.671173	-22.3529
-2.2598	-23.6756
-1.12132	-21.9454
-2.21366	-20.2426
-1.77991	-20.7345
-1.07874	-18.6146
-2.89465	-16.99
-1.96478	-17.1284
-1.66288	-16.4313
-1.53273	-15.6167
0.0653012	-16.7042
1.42046	-16.4808
1.51002	-15.1188
8.06428	-16.9138
7.70173	-17.6228
11.3098	-18.6843
7.60296	-19.0701
6.51691	-20.7167
6.22561	-20.2548
6.05466	-19.4372
7.52648	-13.818
8.01553	-13.6298
6.13337	-12.3705
3.0333	-5.834
-1.39897	-12.3158
2.55875	-18.2137
3.18112	-18.4127
3.62026	-16.6687
3.86051	-19.1741
5.45226	-18.9184
5.97337	-19.0162
4.73483	-15.3547
-1.02081	-13.9664
-4.2243	-7.57504
-2.23355	-5.211
2.99367	-6.76435
-0.801093	0.498208
2.82959	-4.17916
1.78852	-5.81447
-0.794279	-9.07965
3.90144	-16.8048
3.09536	-18.8015
4.59661	-18.957
4.61331	-20.1178
3.83932	-19.5847
5.28828	-20.6529
5.01524	-21.7457
7.71409	-22.1229
1.86315	-15.9494
2.66325	-16.2306
5.67836	-10.3646
-1.77856	-8.6906
-7.32695	-8.52685
-6.9779	-16.3375
-7.14997	-14.4659
-5.93132	-12.8375
-2.818	-5.36415
-6.79237	-14.9097
-3.52517	-10.5173
-9.30196	-9.36649
-3.4056	-14.2313
-1.73724	-9.78484
-6.18354	-5.64879
-7.9553	-11.0131
1.41275	-14.083
3.08254	-20.0868
-0.721489	-19.533
1.93399	-19.6324
-0.509447	-13.94
-0.271591	-21.1372
-1.71615	-20.332
-3.23607	-18.3349
-3.8951	-14.18
-3.22691	-13.0978
-3.75411	-13.0484
-3.64533	-12.8743
-4.09772	-11.2996
-2.99255	-10.7535
-1.79636	-11.0348
-0.151692	-14.5839
-1.04082	-13.6177
-3.10858	-10.7317
-1.29453	-13.012
0.848281	-16.6861
-0.854979	-8.89522
-1.06167	-10.1912
-6.003	-11.7287
-3.90806	-4.32019
-0.689024	-7.47539
-2.82616	-6.31508
-3.82047	-12.8478
-0.0899291	-7.25951
-4.21623	-10.5411
-2.4983	-2.42789
0.837651	-6.26564
-3.66961	-19.3034
-8.75443	-20.6555
-5.05121	-24.9472
-3.76663	-13.8943
-2.87061	-13.9904
2.26963	-13.7091
2.84037	-12.3013
5.66379	-15.9881
6.86631	-15.3619
5.07673	-14.8428
5.11167	-16.6358
7.14663	-13.8395
8.29942	-15.9095
6.07751	-13.7272
4.0778	-22.6717
-0.155671	-26.5181
-1.8498	-25.0577
-3.33298	-23.5846
-2.69868	-23.1115
-2.18144	-21.4404
-2.24846	-16.2106
1.11329	-9.9956
4.54631	-15.5575
5.16362	-11.3145
6.29846	-2.51714
6.8538	-5.93461
8.66503	3.30291
-3.83246	-2.56571
-12.3238	-0.947688
-13.4312	-7.41292
-1.29554	-7.87104
3.91548	-17.9565
3.89233	-19.5218
3.17459	-18.8387
2.08675	-17.6605
1.3447	-16.4059
2.31592	-12.874
2.85443	-6.78479
1.43047	-0.566947
6.26171	-2.21871
7.92174	-0.277192
5.00953	-6.82609
2.22482	-6.64476
-4.27767	-2.27176
-5.40845	-6.18736
-5.74701	-7.63568
-5.86913	-7.80599
-5.32549	-9.0327
-3.19922	-12.521
-0.617771	-13.8025
1.24427	-16.476
6.39188	-19.3489
13.518	-11.6058
7.1079	-9.25711
5.66475	-7.93361
5.92004	-2.66825
6.57625	-1.98313
4.77346	-3.16698
1.8436	-3.77624
3.26336	1.20261
1.60352	-2.39671
2.09057	4.55422
1.16911	-0.32231
-4.87422	-1.67115
3.49968	-9.91017
1.28548	-16.8392
-1.77445	-18.8933
-2.56822	-19.2571
-3.03243	-21.8537
-2.82057	-23.0737
-3.11349	-22.2807
-3.61283	-21.1588
-4.10086	-19.854
-3.86495	-19.7396
-2.79842	-20.1842
-1.94856	-19.0929
3.62371	-18.1361
3.58058	-20.8036
2.48223	-14.8673
0.0914355	-10.3837
-3.70262	-11.2478
-3.80326	-11.2255
-4.40042	-11.3678
-4.74629	-10.5287
-5.86006	-9.88582
-6.7679	-9.00309
-5.68236	-9.53146
-4.00472	-11.1799
-1.92518	-10.3334
3.22493	-7.71191
3.5874	-4.95428
1.7938	-8.27299
1.43574	-9.06524
-2.46737	-6.92434
-6.10206	-9.67735
-7.40798	-8.97979
-7.78984	-7.76785
-9.14739	-7.56248
-10.0519	-5.27043
-10.638	-3.26484
-9.06444	-5.31663
-11.5082	-5.12871
-12.1938	-5.26836
-13.5392	-5.35276
-13.3562	-5.79284
-16.122	-5.84032
-14.6482	-9.88667
-15.9867	-10.7391
-17.8465	-11.1622
-15.8521	-15.3679
-9.35588	-14.9691
-2.15444	-7.41671
-2.36662	-8.17168
-2.92966	-5.93843
-3.45482	-4.90575
0.429209	-1.97265
2.15065	2.2365
3.7207	5.06025
-0.716901	-2.21785
-7.26744	-14.3463
-13.6356	-11.1328
-13.4416	-16.4507
-13.5997	-16.6935
-13.4608	-17.0329
-12.2904	-18.4591
-10.8331	-17.156
-7.49184	-14.1188
-3.21119	-10.0338
0.565952	-12.3151
4.10657	-16.6235
2.07187	-14.3946
2.10359	-15.8572
4.24342	-16.038
4.29504	-14.3636
4.3902	-16.8066
6.35362	-12.9116
3.62243	-6.33339
6.6475	-6.87278
6.24151	-2.42064
-3.13312	1.18205
4.92962	-2.74944
8.1616	-6.63415
5.54913	-16.1157
-2.70179	-11.8287
-3.52342	-7.07901
-7.21221	-8.49163
-9.17885	-2.614
-7.5843	-6.04611
-8.32252	-0.367046
-13.1153	1.73343
-5.00418	-0.471397
-4.57748	-0.161336
-3.38068	-5.66988
-3.18989	-1.40186
-2.27767	-5.48736
-1.32533	0.511417
-1.50549	-10.1897
-0.262979	-13.2979
-1.25746	-6.39597
-2.66269	-10.0407
-4.09664	-5.13051
-1.30175	0.689613
-1.38524	-1.45126
-3.47476	-5.74065
-0.983729	-3.67301
1.03981	-1.90605
-2.3741	0.0571479
-6.38156	-1.42032
-5.45933	-0.0182698
-7.75779	0.4409
-8.13258	0.667889
-8.42845	2.83682
-6.50578	5.46202
-9.34563	5.20197
-10.0578	5.79635
-10.4211	4.07259
-10.1262	3.93952
-9.04673	0.891528
-10.156	1.87644
-8.47442	0.541701
-5.54291	-3.93504
-1.58697	-6.60914
2.95223	-12.5414
3.0743	-10.1501
5.20939	-13.8252
6.77078	-14.3663
3.28976	-13.1863
1.6283	-12.1305
5.9155	-9.24413
1.93452	-9.15024
4.33273	-10.7895
4.9578	-15.5281
4.18648	-19.3277
1.87453	-16.7395
-1.09582	-15.9773
-1.43359	-16.0729
-1.66398	-15.022
-2.05279	-13.7898
-2.13977	-13.721
-1.83253	-12.7857
-2.14389	-10.4942
-0.946375	-8.49666
0.528347	-5.35896
4.29755	-3.46042
0.226806	-5.70844
1.82157	-4.52938
1.22691	-3.93623
-6.05195	-10.1875
-12.735	-8.81611
-14.2802	-10.7819
-15.3328	-12.0039
-16.2503	-14.3753
-18.2645	-15.7377
-17.6977	-15.7236
-16.8526	-16.1379
-18.7006	-15.9173
-17.8363	-17.325
-17.7918	-15.9034
-18.0617	-16.2416
-16.0723	-16.0262
-14.5907	-15.6048
-14.6297	-14.2445
-11.4304	-13.923
-11.413	-13.563
-6.94643	-8.18193
-11.6056	-11.5887
-12.913	-10.6441
-6.65666	-5.28579
-15.2917	-5.73482
-13.6409	-6.41525
-9.10115	-1.92425
-12.215	-3.50958
-11.5614	0.602727
-7.56931	-9.87018
-8.70821	-3.36381
-7.42779	-4.52771
-9.06972	-3.93795
-7.58156	-8.03569
-7.59845	-3.99245
-2.61289	-5.91483
0.0894099	-9.72262
-4.61645	-14.6856
-10.1904	-12.4008
-11.7786	-12.7365
-9.50002	-13.4942
-10.5234	-16.3019
-10.8834	-10.7082
-7.98375	-13.6989
-8.45587	-14.1302
-8.02194	-15.0086
-4.8731	-15.4004
-1.48561	-10.0032
-4.6837	-15.9262
0.561165	0.418068
3.12605	4.17359
-1.51517	0.635596
-4.66086	-6.88533
-6.50191	-1.38963
-8.90274	-1.82571
-7.86487	-5.15474
-7.86319	0.652478
-8.54587	-0.780108
-7.49076	0.196213
-8.99749	-2.86077
1.91641	-5.04553
-2.9823	-4.93181
3.95543	1.87275
1.61977	-0.0237845
3.83028	-2.00875
7.31278	3.22157
5.43967	0.694893
3.65508	0.990533
10.4197	4.49994
13.505	1.58027
14.1285	-2.97596
15.0585	-4.89029
12.6399	-7.35174
13.1714	-4.69159
9.86454	-4.69046
-6.16241	-6.02706
-7.28572	-7.59535
-4.9198	-7.23173
-3.77728	-7.37691
-0.646141	-13.6922
-0.148762	-17.4605
2.38126	-23.6981
3.50052	-28.7282
7.07271	-27.4432
3.59803	-11.2879
4.9222	-10.1272
4.41838	-10.9016
-0.0325715	-13.7992
-2.03691	-15.4151
-7.61593	-18.8904
-6.7592	-14.3034
-9.03193	-5.93059
-6.84977	-4.40972
-7.33608	-3.99808
-15.0099	-4.91655
-10.207	-12.1981
-7.08675	-8.67532
-1.35643	-4.63976
2.28836	-6.96154
0.955374	-7.86247
0.148896	-4.32649
-1.94306	-8.35104
-0.309108	-8.42388
-1.24848	-0.333584
-3.86312	-8.75652
-7.94812	-1.96875
-7.38017	-8.27147
-7.12233	-10.8682
-6.91862	-11.3983
-6.95801	-10.6888
-7.05344	-10.1923
-0.971376	-10.5289
-2.65674	-7.76538
-2.13518	-5.40171
1.84295	-1.1378
-3.34079	-1.87128
-4.53893	0.327119
-9.35027	-3.39686
-9.26434	-4.76568
0.0209466	-6.79966
-3.45025	-5.29842
-10.3054	-5.16536
-1.7092	-7.2994
-4.17452	-8.8004
0.863558	-0.418132
-1.31178	-12.2029
-3.15741	-12.1801
-4.77085	-12.0832
-5.44088	-10.4202
-4.78878	-10.6866
-5.60584	-9.73532
-5.70681	-9.71437
-4.87377	-10.0674
-3.88144	-11.4165
-1.72046	-16.0702
1.4756	-17.1718
-1.62166	-15.5342
1.85838	-16.9143
3.00356	-4.57286
-3.27783	-12.5032
-2.80961	-10.806
-2.1922	-7.97198
-0.0141558	-8.07877
-5.75288	-9.14882
-4.40992	-9.31366
-6.52262	-8.5372
1.41965	-17.2901
-2.76736	-22.856
-1.57281	-21.6362
-3.0375	-18.3794
-4.61171	-21.6852
-4.93811	-24.1852
-5.94013	-22.0245
-7.01101	-21.4954
-6.52295	-24.181
-5.83175	-24.2247
-3.91054	-23.0221
-1.10228	-20.7382
3.31154	-22.916
3.96761	-22.7838
-2.13387	-19.6497
-0.734115	-8.82492
3.73193	0.7833
-2.30328	-11.2319
-2.88586	-5.27274
-9.21386	-15.3016
1.09543	-9.97533
0.053351	-10.5509
-4.1264	-11.4415
1.85376	-10.3742
4.10809	-15.1016
4.29187	-16.5789
7.4733	-18.2643
8.43709	-18.6841
5.00038	-16.9349
0.0581759	-15.0405
-1.98295	-20.3307
-4.97825	-21.5571
-6.2055	-22.6094
-7.40451	-23.6729
-7.51388	-23.949
-6.03066	-26.1322
-1.24529	-28.6627
1.54294	-20.9122
4.3553	-12.4636
7.88293	-14.3973
6.44951	-9.11697
5.42663	-10.1275
8.62335	-11.379
7.441	1.08472
0.954108	-1.98333
-1.82224	-4.90392
-4.65034	-6.75075
-5.2669	-4.27826
3.87221	-9.01635
-0.655007	-13.922
-2.3766	-12.7465
-4.0333	-9.82456
-5.49054	-7.97126
-6.98912	-4.05634
-7.07369	-3.45674
-7.48831	-3.41654
-4.32386	-4.05808
3.89926	-4.42633
6.12574	-3.43357
5.26457	-1.363
4.29857	-2.87571
3.22824	-2.81565
3.24548	-3.93984
3.8539	-5.10209
3.2476	-6.79418
7.59243	-8.72261
6.61181	-6.28337
2.19259	-8.71012
-10.4044	-9.99714
-14.3947	-7.93618
-15.6165	-6.50577
-19.3164	-3.62014
-19.4522	-3.5678
-18.0344	-3.65713
-16.31	-2.97209
-13.233	-1.42494
-9.45859	-0.970568
-7.62684	-1.9363
-7.15889	1.10166
-6.45363	1.43627
-4.95637	0.834714
-6.03342	2.22579
-2.93428	0.0350301
-3.67399	1.24684
-1.81555	-4.99248
2.75916	-1.27992
2.26832	-0.620715
-1.60994	-0.518088
-0.868059	-2.92369
2.85955	-2.81385
3.23898	-0.947193
-2.221	-1.93772
4.24377	-0.125565
1.04471	-4.73219
-1.91104	-11.5033
-2.49468	-15.546
1.1713	-12.084
3.97997	-16.4344
1.97114	-20.2741
2.33426	-22.679
2.96056	-25.2813
3.91871	-26.0835
4.3703	-27.6807
3.49342	-26.4734
3.28804	-23.4642
2.80652	-21.8044
2.69089	-19.1292
2.10556	-18.945
1.90176	-17.726
1.68004	-18.3373
1.41317	-17.3188
2.40487	-17.4466
3.57951	-22.9857
1.41785	-26.4966
0.352351	-29.6977
0.302327	-31.5533
-0.735457	-32.6611
-0.544037	-30.1256
-0.578555	-25.1387
-2.37196	-19.6929
-3.40727	-14.1654
-3.46979	-11.644
-4.40299	-8.72485
-5.42409	-6.31527
-5.11401	-4.1983
-5.21257	-6.12439
-7.01965	-4.66798
-8.11658	-3.51495
-10.3266	-3.77318
-11.8515	-5.68779
-14.8413	-9.22602
-14.8646	-10.2405
-13.9494	-11.4822
-11.847	-16.1102
-12.338	-18.5932
-9.4164	-21.4607
-8.05888	-24.2825
-9.27404	-22.0571
-5.51647	-19.2019
-3.78663	-18.5409
-2.38071	-17.073
-3.56251	-18.3952
-2.94292	-17.6117
-1.56157	-16.0433
-0.300821	-14.554
-1.05183	-15.5377
4.97569	-19.4518
0.466432	0.668006
-1.69087	-5.66042
4.05843	-12.7757
7.4981	-21.2348
13.0869	-21.2796
12.77	-21.0828
8.87984	-18.7561
9.52882	-23.1971
5.89771	-26.5763
3.63176	-23.9608
1.80312	-23.9189
0.295647	-21.1618
-1.7003	-17.5905
-4.8848	-12.7006
-9.56153	-12.3914
-11.7504	-13.916
-10.3382	-13.402
-1.67692	-12.0981
8.34868	-13.4079
8.94051	-11.286
5.6527	-12.9985
-2.30433	-18.0204
-3.95103	-17.2959
-1.03831	-16.1832
3.35884	-5.89797
7.32396	-1.60082
7.32446	-2.68811
6.36235	-10.0115
8.28813	-16.4657
7.85827	-18.5905
3.12315	-19.9903
-1.44144	-20.033
-5.33178	-18.5322
-7.76563	-10.7477
-6.62573	-10.6143
-7.1131	-12.6197
-6.93232	-13.9521
-6.57524	-10.1236
-4.04882	-11.5907
-6.31346	-11.6822
-7.33892	-14.5291
-7.85045	-16.3672
-8.27913	-18.2589
-11.4639	-18.0167
-13.4606	-16.5184
-17.8533	-11.4128
-17.2553	-9.77556
-15.7003	-9.04803
-12.6727	-7.80309
-8.08735	-8.84795
-4.58494	-10.9914
-3.63886	-11.275
-1.40808	-13.3155
-1.19751	-13.1871
-0.615804	-15.1229
0.176943	-15.5051
-0.405381	-13.842
1.30119	-15.3728
-0.311506	-10.7552
13.2255	-9.68565
7.86495	-10.3436
10.87	-10.3385
11.1995	-10.1444
6.99486	-10.0376
0.457778	-13.9215
-6.53499	-9.81823
-5.7794	-7.49929
-5.87727	-7.07586
-6.83283	-6.03569
-7.37753	-7.02911
-7.66196	-7.70783
-7.46228	-10.9015
0.821024	-7.59606
0.443452	-3.88186
1.15197	-3.45842
0.160864	-1.67373
0.673255	-3.72887
0.406407	-3.79809
0.0200759	-1.75282
-2.17854	-7.40787
-7.44111	-9.44743
-10.0665	-6.78611
-12.4899	-5.88598
-14.125	-5.11034
-16.1599	-1.13242
-14.2222	-0.542684
-11.3107	0.305381
-9.60025	-1.57219
-8.02579	-3.20934
-6.31826	-5.3775
-2.4406	-12.1327
5.63387	-9.75232
12.2298	-18.8817
1.92991	-13.6593
1.00702	-14.3527
5.2647	-15.3386
6.32233	-10.5413
5.67008	-20.9547
5.16052	-21.4689
5.93844	-24.7722
5.36353	-24.039
4.24941	-25.749
3.78023	-27.0541
2.85493	-27.4404
1.34915	-27.9075
0.231048	-25.2023
0.189289	-23.5659
-0.928978	-18.3152
-6.68946	-11.3916
-10.8539	-7.20534
-12.5636	-5.70628
-14.1834	-4.18051
-15.6892	-2.42768
-16.3399	0.241935
-12.6594	-5.25565
-7.10802	-8.34476
-1.08889	-19.7479
1.30865	-23.6285
1.06787	-24.9112
1.75686	-27.4827
2.51364	-24.9205
2.93502	-22.5998
2.13796	-23.593
3.26239	-24.4354
6.41855	-23.5965
8.95716	-24.5525
8.44064	-13.4529
3.77073	-7.8032
1.45275	-18.4137
0.954553	-16.8212
0.689166	-14.6505
-1.66434	-8.63049
-6.35665	-12.3084
1.66599	-11.7375
-3.6674	-13.6481
-6.60587	-13.8803
-6.87498	-12.8186
-6.89616	-10.7184
-8.46085	-8.95462
-6.49896	-8.34778
-4.97525	-8.48469
-4.20589	-7.6633
-2.39963	-7.97293
-1.81396	-6.53114
-2.41075	-5.4784
-4.33278	-6.8097
-2.61422	-8.39713
-1.5145	-10.6128
0.114783	-11.4419
0.460683	-13.7177
2.22882	-17.948
3.44728	-0.306711
-0.143176	-7.1915
-1.05154	-4.42639
-0.740052	-5.65085
-0.444065	-11.0769
1.25811	-12.955
0.38976	-1.94729
-0.602889	-2.30414
0.2834	-7.57325
-3.33666	-5.36514
-11.1255	-13.9032
-0.271096	-3.81003
-1.31136	-3.83186
0.497053	-2.5081
2.16071	-4.37739
-1.81603	-7.91173
2.3066	-1.96507
-0.229596	-6.3883
-0.575197	-5.02795
-3.52531	-7.88236
-22.4727	-5.84279
-19.0747	-11.0079
-8.49063	-6.43578
-18.1588	-10.9524
-14.9499	-10.9637
-13.5849	-9.73529
-10.3946	-7.44308
-7.3512	-3.99204
-4.68125	-3.1858
-1.31732	-6.1999
1.26724	-8.72152
4.15998	-11.5729
10.1337	-15.168
10.458	-18.3237
7.11911	-17.4753
5.56756	-16.587
3.88699	-14.7361
2.45488	-14.1882
-0.142756	-9.65081
-0.95624	-11.2587
-1.22069	-11.1195
-0.457698	-10.7714
-0.0161139	-10.0815
-0.375838	-9.48126
1.72555	-10.9953
1.95251	-9.41802
-5.47135	-2.19017
-0.0779483	-5.74813
-2.04566	-6.11584
0.21396	-2.30056
0.0709326	-5.44667
3.15695	-3.31641
0.900932	0.649417
2.19228	-5.47565
0.822095	-7.80615
-0.479838	-11.6109
-1.51721	-11.7789
-0.611948	-12.8472
0.923375	-13.7987
-0.572097	-9.04129
-0.228308	-8.08321
-4.11799	-6.94539
1.15826	-0.109727
-5.88553	-5.57185
-8.96439	-4.85759
-9.3752	-8.35351
-12.1281	-7.24336
-8.35363	-1.32199
1.95677	-4.56297
0.379832	-7.13857
-1.84989	-2.45198
-3.58232	-4.81455
0.3199	-1.62661
4.83971	2.02929
-1.40686	2.60314
-0.977125	-4.97118
-0.815638	-5.05571
2.10844	-5.98957
0.253417	-14.2919
-1.7741	-17.5437
-1.82621	-17.4226
-2.57231	-17.1226
-1.34244	-17.9258
-1.22795	-17.5691
-2.19839	-15.7999
-1.05114	-15.5208
-0.509605	-15.9682
0.629793	-17.7326
0.321759	-18.5937
2.34993	-21.7925
4.86745	-23.9619
8.55225	-12.2698
0.319783	-8.53625
-0.623627	-12.6809
1.76152	-16.2302
0.9125	-13.3315
-0.286655	-11.7911
1.01956	-17.717
-0.913794	-21.4375
-0.110241	-18.7124
4.40156	-15.7566
-1.87474	-18.791
-1.64745	-14.6822
-2.67296	-9.71616
-2.70463	-12.6841
-4.77799	-5.90965
-4.31828	-6.98397
-0.65177	-13.581
-3.47616	-13.6056
-6.09694	-17.0841
-5.88236	-15.5845
-7.02899	-15.3469
-8.68532	-13.3544
-9.84855	-12.2389
-10.7124	-11.2633
-10.6649	-9.97672
-10.7458	-10.1482
-7.20384	-9.32311
-6.52642	-8.43695
-4.24314	-7.1782
-6.13034	-4.32396
-5.3623	-5.2584
-8.00829	1.29966
-7.68139	-4.91239
-6.28737	-9.03012
-5.59607	-9.27857
-4.73492	-9.79382
-1.34285	-8.67579
-1.43839	-10.8274
-4.19012	-10.935
-4.71596	-8.82221
-4.41006	-11.5705
-4.03248	-7.65238
-3.08698	-6.15717
-4.41699	-1.31709
-3.02967	-5.00032
-0.769485	-10.2012
1.36048	-2.43579
-3.18984	-8.16122
-0.801329	-6.50946
-1.17205	-6.40349
-9.93728	-2.14015
-10.9849	-4.09577
-15.0561	-2.13586
-16.7221	-2.83431
-17.6806	-6.46745
-14.6513	-7.99577
-15.3514	-5.68058
-16.5991	-7.31233
-11.6528	-9.15163
-9.41945	-11.4267
-7.1598	-12.5274
-5.76532	-9.50413
-3.53391	-7.13171
-1.02612	-1.67619
-2.17895	-6.02846
-4.05089	-10.206
-9.3224	-8.81352
-10.7986	-12.5758
-7.62226	-6.85776
-1.24737	-4.7926
-4.32773	-4.5867
3.46636	-6.95326
8.21568	-5.413
-2.57838	-23.0158
-0.938598	-15.0825
-2.73213	-18.1028
-5.11883	-16.1936
-8.55159	-12.7866
-10.0087	-8.66237
-10.7569	-6.4307
-11.4738	-6.98515
-11.5833	-8.52777
-13.5934	-11.8806
-10.5218	-14.8695
-3.62621	-5.88956
-8.30095	-11.444
-10.6464	-11.553
-11.7926	-13.2428
-12.0386	-14.8854
-13.6654	-13.331
-14.7375	-13.7389
-12.952	-12.6818
-12.288	-11.9176
-10.4577	-10.9164
-9.13561	-8.73987
-7.01592	-6.20062
-4.92061	-0.933558
3.35752	0.248771
-0.749222	-3.88936
-1.82938	-3.43787
-5.68994	-9.21675
-7.79806	-11.6631
-2.6456	-7.21824
-2.28038	-8.49862
-2.93822	-9.71512
-0.0331896	-5.99989
-1.9917	-8.68438
-1.24816	-15.9805
7.75915	-13.3288
6.4416	-21.0707
6.00044	-24.6213
3.88972	-26.6109
0.499151	-25.6918
-0.127131	-23.621
-1.23873	-21.8188
-1.5459	-21.4047
-3.51515	-20.6191
-2.16167	-22.9915
-1.23008	-22.6715
-0.0989405	-22.4355
3.59598	-17.9033
5.84049	-11.4936
6.16028	-14.1191
5.23854	-16.3743
4.48441	-17.4093
-0.190246	-15.6197
-5.29937	-22.1543
0.219639	-20.1389
-0.285189	-13.4263
5.9246	-8.32243
11.4694	-11.3857
4.1187	-4.78367
3.07174	-2.90634
6.03471	-6.09748
2.3935	-7.25407
-6.51623	-10.0966
-14.0398	-11.9551
-12.9103	-10.4921
-12.0498	-7.72556
-11.2339	-8.09184
-10.6731	-9.55389
-9.85691	-8.00463
-8.84746	-8.3212
-7.86683	-8.83859
-5.45228	-13.2793
0.399706	-19.2813
7.19564	-19.5733
-1.5026	-10.8831
4.42913	-20.5466
-1.2074	-16.5216
-3.30522	-15.1024
0.104034	-14.6126
-0.55882	-8.6883
-2.26919	-6.60255
1.29453	-15.4393
-0.462478	-2.26982
-5.90373	2.95641
-10.0378	-6.20358
-9.16135	2.27462
-9.38757	-4.97179
-10.7066	-2.84341
-13.3377	-1.95809
-10.6984	-5.12871
-7.94104	-2.38386
-5.26142	-3.97701
-3.60034	-9.30562
-5.88347	-9.32417
-4.11391	-3.50987
-5.29971	-13.5108
2.78575	-16.5351
4.39533	-19.1457
2.1234	-18.0971
2.22684	-19.4307
0.56543	-19.4827
-0.752804	-21.1271
-1.31367	-24.0898
-1.60136	-22.0548
-1.14464	-21.6887
-1.39795	-18.424
-2.2527	-12.0712
-5.10253	-4.81736
-8.8332	-7.4524
-12.4638	-6.39029
-14.828	-10.0164
-10.7041	-8.94754
2.97227	-2.82745
5.19216	-2.84562
0.0319341	-3.15996
-10.2787	-1.71944
-6.20232	-2.62418
-2.68527	-3.14034
-3.80644	-10.0043
-3.02784	-8.62917
-1.94502	-8.95504
6.72669	-12.5099
3.00201	-8.12786
5.13027	-3.07146
8.66482	-5.02883
1.59553	-10.4659
2.23368	-6.60034
3.07144	-8.35318
0.184151	-9.45549
-0.688515	-6.46361
4.38558	-9.51317
2.30784	-4.6808
-1.90261	-9.89624
-4.37145	-13.137
-2.71101	-14.3218
2.57128	-4.73479
-4.37372	-11.3453
-0.305402	-6.27429
-2.74762	-12.1096
4.44719	-7.99931
-2.20708	-8.08746
-0.407662	-10.3059
1.74426	-13.6722
-2.84129	-8.72216
-7.37116	-14.2323
-4.90675	-12.6617
-1.78781	-9.57487
-2.52668	-10.3253
-6.57385	-12.9654
-3.68998	-14.4735
-1.05966	-4.58007
-2.50233	-10.3672
-2.53817	-12.0612
-1.55109	-13.8625
2.55113	-18.6763
6.87054	-20.011
11.6407	-14.1994
9.07468	-11.2356
6.08116	-19.1207
5.81914	-24.2058
2.23761	-20.047
-2.31658	-16.4907
-3.57867	-14.8099
-4.40252	-13.0158
-8.13124	-9.57652
-7.74388	-9.37797
-5.29323	-10.6631
-4.47459	-9.00917
-0.912052	-7.1073
-0.906401	-4.62072
-2.99542	-1.51464
4.31131	-4.55623
1.25937	-5.29247
-1.26118	-3.6886
-2.18452	-5.62216
-3.34105	-5.82857
-4.1279	-5.38926
-4.46373	-6.77955
-6.56156	-5.8575
-7.20474	-7.4623
-7.23233	-7.42527
-4.16504	-9.03801
5.19189	-15.0972
10.2508	-8.67487
7.78196	-13.0726
7.13871	-18.8352
10.1949	-18.973
7.14736	-18.764
6.82713	-23.8058
5.39024	-22.2589
3.17727	-24.5114
-3.98727	-26.1617
-4.35839	-24.0556
-4.7946	-24.6725
-6.21665	-25.4116
-6.38967	-26.1936
-5.84678	-25.7928
-5.36017	-26.7155
-5.31589	-26.1204
-4.29278	-26.1037
-2.9076	-26.091
-0.919866	-25.7008
-0.628141	-26.3714
0.781357	-25.1595
-1.10191	-20.042
-2.76299	-16.2598
3.29917	-4.50005
1.59702	-13.9549
-4.72891	-8.85455
-5.27681	-5.97147
-5.24567	-10.7556
-3.09243	-6.225
-3.70568	-6.57617
-1.96522	-7.66201
-2.15133	-5.2607
0.208113	-17.0121
-0.442656	-13.727
-1.81342	-9.35283
-6.00894	-12.2298
-2.82204	-12.0039
-1.35616	-10.7327
-3.50213	-5.2568
0.211926	-12.816
6.83672	-10.8223
4.39255	-1.91726
1.15041	-6.96164
-0.878169	-0.108963
-1.91202	-1.04712
0.00621274	-3.39083
0.430033	-5.24025
0.45383	-8.45607
1.27531	-9.05732
-0.389105	-12.5965
1.55139	-13.606
1.06854	-15.2331
0.35992	-14.5943
0.789654	-13.1495
0.445468	-14.7035
2.11942	-12.5945
1.99434	-10.083
4.59009	-11.5201
-1.14423	-10.8525
-0.515579	-3.63026
1.42294	-0.37334
2.98665	-6.32163
-1.06801	-0.848903
-0.0506116	-9.24026
-1.16683	-16.0479
-3.99948	-15.7207
-3.5584	-12.4806
-3.01788	-10.1717
-3.53799	-7.33946
-2.95649	-7.28369
-0.734123	-10.3249
-0.818413	-10.752
-2.24048	-11.2137
-2.29963	-12.6755
-2.93728	-15.1545
2.55583	-13.1068
-1.22889	-12.0644
-3.00947	-13.6196
-3.92438	-13.5216
-4.27556	-14.4042
-5.8665	-12.946
-4.41174	-11.9553
-3.94216	-11.4668
-4.09983	-10.2727
-2.17045	-9.02976
0.133732	-9.48486
0.283178	-5.98396
0.177736	-6.21641
-0.266179	-6.44648
-5.71186	-8.92937
-6.09956	-9.80884
-6.99865	-9.59346
-7.30383	-10.6024
-7.47101	-7.21365
-6.65858	-7.16094
-5.12796	-6.05655
-3.45254	-7.18887
-2.8373	-7.55089
-1.84784	-10.0019
-2.16994	-10.0098
-3.78884	-10.5176
6.63933	-17.0666
6.07959	-16.8533
4.35099	-21.6326
7.09154	-19.8543
5.65488	-20.5246
-0.553319	-15.9166
-2.11514	-13.8132
-3.51908	-10.1467
-2.70393	-8.58453
-2.14381	-7.87562
-2.03825	-5.57296
-3.27841	-5.48733
-1.78485	-6.15307
-1.97927	-5.1486
-1.38744	-6.80652
-2.31493	-6.55164
1.72133	-6.12619
8.24173	-6.91646
7.05377	-7.43493
6.46925	-7.57176
7.02478	-9.48768
5.79561	-8.49389
2.61169	-15.5206
-1.79943	-17.3952
-1.82261	-18.2341
-1.64463	-18.2939
-2.37274	-20.7396
-0.664861	-19.7065
1.8492	-19.317
4.24147	-18.7955
4.55326	-15.1327
4.75918	-15.8885
2.14615	-13.8001
2.51052	-8.69888
-0.509252	-6.2547
2.51339	-8.53686
-1.15039	-10.902
0.43494	-12.8997
-0.849261	-13.1217
-2.28831	-13.774
-2.09503	-16.2861
-3.75548	-14.7514
-3.38115	-14.5341
-1.96712	-12.9882
13.5937	-17.9433
2.29765	-19.7777
2.77976	-20.7681
3.28278	-23.5194
3.61329	-24.1054
2.2456	-20.5274
2.2328	-20.6538
3.36369	-20.7741
4.16953	-19.1782
3.416	-17.8331
2.86465	-15.7479
0.41484	-12.5687
2.47073	-13.7615
-0.724955	-21.0499
-4.88551	-21.1649
-5.90476	-19.4133
-5.51441	-18.5635
-4.64367	-15.0692
-2.12713	-11.943
-1.74886	-9.91677
-2.47798	-8.02981
-3.51244	-6.7885
-3.80319	-3.34268
-3.85875	-2.56224
-3.49127	-1.81418
0.0733498	-1.08495
2.10233	1.87976
2.70412	2.14839
2.4483	5.37317
11.2164	13.8171
5.1563	9.32003
2.19902	7.20304
-1.71256	1.76035
-6.09007	0.0322472
-4.2957	-7.71373
-4.31912	-0.460492
-2.46272	-8.26409
-0.944777	-7.79904
4.19196	-6.83427
2.5934	-2.35671
-5.83471	-7.88901
-7.03042	-6.75035
-0.240814	-14.7033
-5.58287	-9.41857
-4.17144	-13.006
-5.47177	-17.3198
-6.88225	-11.4634
-4.99385	-15.3261
-8.18049	-11.4318
-5.43923	-11.0595
-10.5402	-14.8571
-6.52079	-13.3954
-8.02472	-15.6552
-10.006	-16.6084
-7.4503	-12.7818
-8.02146	-14.5056
-13.3292	-15.3509
-9.45832	-13.8667
-10.3378	-17.0007
-4.05954	-14.2708
-2.60573	-14.8292
-11.7659	-6.24543
-5.46112	-9.59797
-14.6453	-5.88184
-12.3168	-9.47723
-9.34532	-9.1762
-9.96246	-5.82624
-12.5663	-6.17212
-12.2138	-8.1444
-10.0158	-10.1187
0.790175	-1.35347
-0.793781	-8.36939
-10.5153	-13.8464
-6.5034	-11.0116
-6.20819	-9.97158
-11.1533	-14.7826
-10.115	-14.3704
-3.82122	-11.4596
-2.3994	-8.38214
-11.492	-8.50456
-9.92865	-9.17383
-9.20282	-4.65258
-7.38051	-5.80447
-6.33661	-5.9568
-5.03802	-7.33749
-4.0037	-10.2225
-2.60138	-12.1006
-1.00159	-14.9369
3.15224	-16.2427
2.0962	-3.78248
-1.35922	-5.71988
2.86987	-12.0073
-0.590295	-7.78624
8.0709	-4.14431
-0.972526	-12.1857
-4.63136	-8.9442
-1.29934	-6.35376
-9.43864	-8.16879
6.58862	-16.8003
7.53016	-16.9015
4.42225	-20.5191
1.38888	-22.3242
-0.924035	-23.2879
0.89674	-25.3878
4.88019	-19.5386
3.42868	-13.9929
4.50462	-14.2234
5.72516	-9.96949
4.34763	-7.23612
1.49949	-8.26476
7.46303	-1.2375
7.31553	-0.00475311
7.23628	-2.05773
6.09946	-8.38896
-4.40437	-6.67684
-1.0335	-6.85713
-3.06662	-15.2121
1.91653	-9.17313
1.21522	-11.4361
0.81293	-2.71374
1.10192	-7.34239
-1.11388	-9.51052
-1.70114	-10.9611
1.60852	-15.1668
1.99428	-17.9811
5.62085	-21.2284
6.73499	-24.4526
15.2851	-12.8961
6.65415	-11.8151
4.28745	-14.8667
5.77549	-21.2873
6.04296	-20.3854
7.87693	-17.3936
8.15045	-19.3624
8.28647	-22.1667
9.63947	-22.7421
10.8217	-26.4053
9.50368	-25.6008
5.1399	-23.3349
0.43385	-20.1207
-3.11757	-18.16
-5.51879	-16.1809
-5.78494	-14.2199
-6.53453	-13.0024
-5.97731	-13.6463
-5.5948	-13.6258
-4.13527	-16.2175
-2.77831	-15.8128
0.02706	-17.6175
3.34642	-15.2252
5.15966	-4.11616
8.51099	-11.9675
5.57959	-11.9826
0.12956	-12.331
2.6156	-8.85247
2.98141	-4.87633
1.50332	-3.34884
1.96596	-1.53334
0.0851314	-4.53105
-2.62826	-7.79878
-3.91283	-9.53883
-6.13582	-11.6815
-9.87828	-9.20385
-12.2426	-7.32791
-14.288	-5.62857
-15.5276	-5.40126
-15.5034	-3.49753
-15.3163	-5.02147
-17.8562	-6.69155
-18.4407	-8.55807
-18.737	-8.06551
-19.6902	-7.54226
-20.5814	-5.96812
-18.3766	-5.13079
-16.9323	-3.05857
-13.7205	-3.21983
-11.2895	-5.68183
-7.56679	-8.5522
-2.29433	-13.2183
0.999891	-11.8936
5.83053	-10.8192
3.72453	-6.71287
10.3064	-11.2055
6.32024	-15.65
8.36687	-14.1957
11.6512	-16.5219
6.42957	-21.5322
5.46504	-22.6016
5.65921	-20.2705
4.86539	-18.7348
3.52087	-20.511
7.12252	-21.7055
9.9211	-19.7905
12.1793	-12.1399
7.17816	-14.0232
3.33918	-18.2009
5.35376	-12.091
-0.997127	-17.0722
2.63897	-7.11456
1.70064	-16.9495
0.160823	-14.8285
-2.17724	-15.8126
-1.64778	-19.4564
-0.951312	-12.6499
-2.28287	-22.9897
7.54299	-14.878
5.69522	-21.9085
3.56277	-22.0625
1.65636	-21.3853
2.30608	-22.5896
2.25923	-22.7486
3.10087	-22.1615
5.27787	-23.3889
6.9586	-20.3192
8.92881	-19.62
3.65639	-13.9712
-2.44438	-17.3418
0.77935	-12.2586
-6.40349	-18.365
2.39406	-7.60736
-3.29949	-16.1064
2.27364	-12.7489
5.22382	-8.84434
-3.80888	-11.6551
-3.39835	-9.01604
3.15773	-8.73154
-0.867864	-15.7333
2.00239	-7.51646
1.79407	-19.9921
10.3418	-19.1488
8.62662	-19.5034
7.85098	-21.4333
3.44873	-17.6091
3.6786	-21.8262
3.67926	-22.32
4.71605	-24.0034
4.17957	-21.1168
4.83656	-20.194
2.89825	-22.2223
5.54227	-24.1664
6.686	-17.6034
5.21098	-15.5364
7.56284	-11.694
1.97654	-16.9683
0.991371	-0.310096
-8.38624	-8.12284
-1.74439	-1.35262
4.38556	0.515025
5.06431	-3.19065
1.30043	-2.68764
1.68639	-5.20671
4.64407	-2.98012
-1.67235	-3.40734
-1.67618	-7.64571
5.00403	-7.1949
3.93254	-6.31193
4.90566	-2.50855
-14.921	-16.3192
-17.5122	-18.7019
-14.7008	-19.8712
-12.5418	-16.1061
-9.82819	-17.0089
-8.37449	-17.4754
-4.99122	-19.2979
-4.02258	-16.7818
2.2606	-12.1093
3.71174	-13.5286
2.65346	-14.7242
1.8086	-13.7686
0.588136	-11.5393
9.17666	-5.81697
9.47463	0.929338
3.47823	-4.25183
7.27408	-6.67006
-0.661108	-3.38456
1.76518	-5.95035
-5.40301	-13.3136
3.21625	-5.35386
10.0356	1.71286
4.10326	-7.5688
5.91079	-12.1347
4.85482	-15.3078
4.63238	-16.3432
0.206784	-16.0155
-3.1648	-14.6683
-5.62637	-14.9917
-8.44188	-12.2529
-3.1222	-9.59074
-1.16248	-6.06403
-1.75117	-10.6798
5.28825	-5.99737
-3.58693	-6.99187
-2.82413	-8.06509
-2.20566	-2.18554
0.502286	-11.2867
2.09322	-7.96009
-2.23021	-8.20593
-4.63871	-9.97331
-3.44784	-10.8931
-3.17826	-11.2612
-1.18414	-12.1119
3.20495	-13.806
-3.10598	-6.57888
-5.23408	-4.91265
-5.49059	0.32061
-8.98742	-0.372677
-17.7331	-2.00694
-13.9721	-9.45128
-8.40285	-1.77639
-6.93466	-2.95342
-11.5358	-2.69278
-5.46829	3.98592
-11.2307	-10.8544
-8.66199	-3.94461
-6.39761	0.750952
-4.11137	-2.08382
-4.94168	-7.39691
-6.97446	-10.0728
-7.71084	-11.4684
-9.03498	-11.3924
-8.90419	-12.2786
-8.19087	-12.3673
-9.26287	-11.3737
-8.85406	-10.4506
-9.28007	-9.97233
-9.55809	-9.80704
-8.9007	-9.77435
-7.64807	-9.05501
-5.36348	-5.70515
-3.17297	-3.03858
-4.44278	-3.06284
-2.75011	-6.64145
-4.81603	-9.86597
-4.96067	-13.9156
-5.01659	-15.8063
-4.54967	-17.1803
-4.10282	-13.4552
0.863558	-14.4796
0.926934	-13.349
-3.719	-9.95159
3.56639	-8.43912
-1.13521	-10.6441
-2.36296	-19.1705
-1.15755	-14.9486
-0.338815	-16.7484
-0.670055	-14.1428
2.35845	-16.2044
8.57196	-11.9211
6.56321	-12.0854
9.65604	-17.0787
7.8885	-21.8263
6.19135	-23.0191
4.27636	-21.518
4.18717	-16.3683
3.83779	-12.6928
4.17165	-12.6199
2.13312	-11.2754
-0.0447399	-13.4771
-3.44469	-13.6099
-6.30726	-13.7669
-8.6314	-13.4703
-10.7083	-13.4764
-11.1785	-13.0613
-11.22	-13.3281
-11.7631	-13.6969
-12.7937	-12.1467
-13.2837	-12.5351
-11.4684	-11.3507
-12.0828	-9.56448
-11.9074	-9.23803
-13.2625	-10.0508
-10.9176	-11.3671
-9.70543	-11.121
-9.90399	-11.0519
-8.70763	-13.3372
-6.81668	-12.6166
-5.79065	-11.1898
-2.99235	-10.0434
-1.42519	-9.03448
1.23095	-8.85997
3.83089	-11.4507
7.24082	-14.4929
11.1064	-17.9423
9.04202	-18.0907
6.40724	-17.4758
7.72921	-18.5916
7.52428	-8.95069
7.129	-7.02587
8.3035	-12.4963
3.81057	-3.20098
4.687	-12.15
3.89662	-13.1208
7.35027	-20.4944
6.17477	-17.9561
5.18996	-17.8934
5.41135	-21.3045
4.08078	-20.5178
3.64473	-21.2206
4.22862	-24.4858
3.94171	-26.269
2.64231	-27.9679
1.76316	-26.8154
1.5739	-26.2252
0.408007	-25.2074
-0.250981	-22.798
-0.600215	-19.4522
-1.61897	-17.8147
-2.4156	-15.3054
-2.44086	-12.3535
-2.83194	-10.371
-5.59823	-7.08412
-7.95233	-7.78286
-5.01073	-8.799
-2.58557	-10.6362
-0.0368671	-10.4055
-0.408506	-12.8976
-2.86711	-12.2691
-4.67479	-10.0625
-7.8417	-12.808
-11.3927	-11.2066
-13.0473	-17.9505
-13.1921	-19.6132
-17.1171	-19.6544
-18.8669	-16.8144
-18.0448	-17.5526
-18.612	-17.3507
-17.7767	-17.8172
-17.5874	-18.5616
-19.2472	-17.9799
-20.5035	-19.5341
-20.529	-19.0929
-20.2082	-18.2062
-21.5285	-17.6218
-22.5971	-16.6073
-19.5628	-15.1669
-16.9608	-8.21957
-6.3628	-3.34336
-3.85521	-1.03526
-2.3686	-9.01105
1.66006	2.3049
0.630763	-7.07326
-1.03108	-3.6743
-6.37667	-3.04956
2.72179	0.602919
0.316561	-15.7718
-3.35596	-17.2341
-3.32087	-16.1843
-1.76585	-14.0975
-1.29378	-10.81
-2.6708	-11.2237
-3.48791	-10.3402
-3.75628	-10.897
-3.53371	-11.7028
-2.78694	-14.0292
1.15975	-13.6497
5.87274	-15.7992
4.12728	-17.6609
3.99446	-21.7395
0.49697	-20.3647
1.53312	-16.8399
2.51722	-14.5006
-1.83813	-10.935
-2.51373	-13.4623
-0.616334	-12.5838
-1.41614	-9.21896
-0.695021	-7.81109
-1.31064	-6.32454
-2.62514	-7.12917
-2.31762	-5.8388
-4.63231	0.677249
-1.85256	2.97322
0.174873	6.16852
-0.501203	6.43776
-2.61644	-3.89797
4.31443	-3.3795
3.10203	-1.86055
7.01394	-0.406017
3.23678	-3.13793
7.91278	2.12563
1.9678	0.704361
1.99743	0.0178213
-0.460649	-4.19711
-1.78125	-7.12445
-0.983172	-7.13658
0.83963	-0.50691
12.6899	2.90171
11.1	-3.17657
12.8112	-5.16258
0.416879	-6.87889
-5.87735	-6.04565
-5.60929	-4.42315
-4.52909	-4.41952
-3.44139	-3.16711
-1.59921	-6.36713
-0.0983469	-9.62825
2.61572	-13.0793
4.63284	-16.1315
7.09016	-16.444
11.5015	-20.7738
17.0419	-27.0353
13.6208	-17.8034
10.8141	-15.7167
11.9521	-20.4358
10.5433	-22.9471
5.94613	-23.0051
1.48677	-21.476
-0.418387	-19.0139
-2.34221	-18.4775
-2.0023	-16.7351
-0.109712	-14.8712
0.765298	-12.6309
1.00693	-11.7409
0.763039	-10.0407
2.29188	-12.7719
0.244781	-12.0057
-1.11042	-15.9279
-2.68093	-18.8461
-4.32634	-20.2406
-4.80968	-21.544
-5.13334	-22.7856
-4.11562	-23.4333
-2.40615	-23.1415
-0.0977028	-22.8502
9.08585	-20.8701
10.4912	-19.8816
8.71093	-19.4606
10.3278	-12.8742
3.36351	-16.758
4.48588	-17.9625
1.67784	-18.5651
-1.00549	-17.8729
-0.151772	-17.7516
0.396136	-21.4136
2.07569	-23.2024
2.05502	-24.7904
2.19335	-28.4736
1.0682	-30.8773
-0.112587	-29.8087
-0.475667	-26.1827
-0.518409	-25.8242
-0.923421	-22.6204
0.354852	-20.2035
1.28267	-19.2978
3.8581	-20.0438
5.17534	-20.1881
-4.0456	-16.5917
0.930902	-8.67729
1.97178	-15.7298
0.476127	-13.0033
1.1922	-7.86384
2.24607	-16.9542
3.35482	-20.4163
2.31442	-20.1091
1.48106	-19.9611
0.426046	-19.2478
-0.462401	-20.3493
-1.07034	-19.5996
-1.3459	-18.8354
-0.522873	-18.7401
0.851991	-17.8219
2.27675	-17.6389
2.79215	-15.2878
2.07699	-12.1632
-0.986195	-8.89707
3.99609	-6.81267
4.34132	-8.09141
6.95191	-8.30602
8.22203	-2.10155
7.20896	-12.0418
10.7328	-23.0368
11.3499	-28.8278
9.1393	-29.6229
6.61513	-29.7081
2.38629	-30.2856
-2.10431	-29.7051
-3.38277	-26.7628
-1.77853	-25.1901
5.32028	-16.8177
4.81042	-11.5986
5.35356	-13.5125
3.90523	-5.93051
2.93454	-11.1825
11.2546	-1.90785
3.5562	-2.77361
0.60846	-6.38232
2.05449	-5.88203
-1.6428	-8.27812
-3.77579	-7.71491
-5.3993	-6.44061
-6.13888	-6.43068
-3.13004	-8.30335
-3.26075	-5.82529
-4.29962	-5.80192
-6.57368	-10.5772
-6.57751	-14.4696
-0.771122	-19.1629
3.56738	-15.6991
2.90553	1.90302
8.43581	-1.4526
5.49679	-10.6354
0.336838	-14.5982
-0.611097	-14.6357
4.38017	-9.22115
1.57714	-7.97764
4.44576	-9.1516
3.3453	-8.06355
4.66558	-8.36181
-1.05577	-11.6492
-6.82337	-8.20851
-5.19867	-6.09075
-4.36441	-7.0335
-1.91593	-8.78972
-2.04947	-8.48613
0.492762	-10.1381
-1.59474	-10.7457
-1.00725	-6.79757
-1.27039	-3.0614
-3.93881	-3.76928
-6.58047	-6.16479
-10.0013	-3.93185
-5.68714	-4.28813
-4.60283	-8.61067
-10.627	-10.731
-3.95687	-7.55442
-1.82328	-10.5563
0.716642	-15.285
-2.76538	-15.2461
-5.72305	-17.232
-2.82284	-5.05167
-5.37937	-10.2011
0.68954	-5.94223
7.86626	-15.6087
8.028	-20.8374
7.49252	-22.5251
3.22467	-19.7323
2.11308	-18.4225
-1.51051	-15.1509
-3.45819	-14.8464
-6.57609	-13.6366
-8.86841	-13.4074
-10.1988	-11.1829
-10.2888	-9.14364
-9.02612	-8.78449
-5.52349	-9.08329
-6.65302	-3.38368
1.42708	-5.74199
-0.197999	-1.04399
-5.87369	0.81036
-7.04369	0.578361
-8.28434	-1.06467
-12.4531	-2.78774
-7.62783	5.00409
-9.90352	-0.69532
-7.50359	-2.58246
-9.17197	-8.27574
-7.49138	-5.80592
0.406997	-4.53877
-5.73862	-6.64362
-4.13389	-12.4769
-4.56562	-12.0014
-5.20452	-11.4141
-5.93098	-10.4193
-3.05599	-8.66274
-4.77734	-8.95814
-2.75077	-10.8592
0.62963	-11.0676
3.48305	-12.7628
3.54727	-8.923
5.54542	-11.1769
2.89072	-13.9318
-1.72897	-14.145
-7.79597	-11.6806
-11.9004	-9.11789
-13.3353	-8.14923
-13.8746	-8.27781
-14.6203	-8.6935
-15.882	-9.75954
-16.4478	-8.597
-17.5439	-8.08026
-17.3417	-7.39556
-18.6004	-4.90533
-18.5803	-3.50056
-17.3026	-4.81122
-10.7763	-2.11592
-10.8239	-2.99239
-9.83187	-0.671854
-13.4231	-0.577869
-10.5459	0.798387
-11.7527	-6.53802
-10.0243	-3.36042
0.367595	0.0600534
-9.15716	-9.2036
-9.90673	-11.1113
-10.2368	-9.83433
-7.84043	-9.33439
-6.45757	-9.32287
-5.401	-6.08479
-4.42941	-7.88301
-0.734405	-8.78669
10.077	0.642594
1.55402	-5.67073
-2.79771	-12.0868
0.0825568	-5.593
-1.04795	-9.91968
0.229993	-9.18975
-2.50176	-9.9835
-8.99529	-12.9145
0.887324	-17.1428
-3.41653	-18.5942
-4.58403	-18.6353
-4.45947	-17.8241
-4.62217	-18.1914
-5.18777	-17.9281
-5.91188	-17.1114
-4.945	-15.9665
-4.07724	-14.7147
-3.1031	-12.8577
-2.6082	-9.4743
-2.66676	-8.21175
-3.89356	-7.30287
-4.32428	-7.04213
-6.28244	-9.02717
-5.69138	-7.60469
-5.0478	-8.87162
-7.15233	-8.05696
-11.233	-11.677
-7.68766	-15.0239
-9.39113	-8.67405
-4.0888	0.229115
-0.329681	-5.02569
-1.10285	-6.80515
-3.31103	-6.08711
-7.00214	-6.47629
-12.7714	-10.4966
-11.8843	-14.4213
-5.37408	-8.1736
-2.29152	-5.0493
-5.30589	-4.74659
-9.73365	-4.68596
-13.2416	-10.3699
-8.59979	0.257545
-8.78204	-2.20712
-3.26309	0.346114
-9.35574	-0.302403
-1.21649	-5.51436
2.02869	-10.4061
-6.43837	-7.44486
-1.14243	-2.06513
-0.671696	-2.73436
-5.65893	-8.17465
-3.67377	-6.72087
-2.58445	-14.8256
-7.74282	-14.6944
4.26739	-12.1738
3.65499	-20.5127
0.578462	-21.1136
-0.479852	-20.0558
-0.909301	-20.8767
-0.393311	-21.0507
-0.240444	-22.2547
1.3433	-24.3461
2.08052	-24.6014
4.85807	-23.5361
4.82523	-17.3796
5.97353	-18.1232
8.87569	-16.5537
9.65377	-7.80595
5.89024	-14.7471
9.44658	-17.3264
7.02749	-2.9171
1.84784	-2.14818
-0.316948	-6.81337
4.84457	-8.95081
3.81726	-12.2608
4.03793	-13.3725
5.0766	-15.6677
2.83827	-17.0773
2.13722	-16.8585
3.50317	-14.8434
1.35797	-11.0817
0.842903	-8.11823
-1.42438	-8.13444
-7.6368	-12.3661
-2.25847	-6.45244
2.58313	-5.09645
-1.54909	-11.6611
0.477494	-16.4455
-2.49608	-19.8341
1.61414	-21.5537
1.81637	-22.863
4.36737	-23.7736
2.28699	-24.4011
1.26573	-19.5999
2.65222	-13.7707
4.20045	-16.169
5.27207	-15.8222
4.52987	-13.2287
0.914143	-13.0318
0.0590093	-15.9417
-1.10974	-14.9608
-1.63189	-13.2377
-2.19357	-10.8331
-2.623	-8.60984
-4.09635	-6.25092
-4.82555	-6.01194
-6.02778	-5.77337
-5.81185	-4.24092
-7.44961	-4.40548
-5.50182	-6.48326
-4.23762	-6.61132
-9.64264	-10.4276
-6.95871	-12.8536
-9.0987	-11.2903
-11.2311	-10.6314
-13.223	-8.0804
-11.7782	-7.99666
-12.4621	-6.32181
-13.3715	-4.03868
-11.3676	-3.98295
-10.8081	-4.17179
-11.6173	-2.53991
-11.6826	-2.76608
-10.8228	-3.49739
-10.9315	-3.27312
-10.1883	-3.06954
-9.73845	-3.98136
-7.15366	-3.91363
-4.63576	-3.0396
0.312114	-4.05469
-4.04792	-5.16715
-3.3581	-2.72239
-1.70382	-10.4852
-2.97691	-13.8396
-3.5765	-16.6667
-3.98814	-17.6961
-4.07124	-18.8418
-2.98611	-18.3203
-0.992607	-15.5087
2.77942	-16.6391
-0.0217701	-13.7486
1.42872	-1.85441
1.87566	-10.395
-4.19585	-6.81787
-5.56115	-12.0721
-0.976171	-4.66558
-7.59684	-11.1227
-1.42017	-3.66196
1.48755	-13.2772
0.0945904	-6.70789
-1.17941	-9.3681
-0.998171	-9.03259
-3.12737	-11.7107
1.77203	-17.8289
-0.200567	-16.7904
-1.94326	-14.6583
0.0477751	-15.3905
-0.579282	-17.8093
5.9595	-7.58692
6.73885	-15.3701
2.31426	-12.8651
1.40496	-16.7839
3.6474	-11.6282
3.07714	-8.75239
8.78328	-7.99931
9.70246	-5.81598
5.85028	-7.34998
1.19064	-7.68687
0.781154	-9.2739
-1.59421	-10.264
-2.48309	-14.9066
-5.45818	-18.0499
-3.79414	-17.6499
-5.19532	-17.5705
-3.89756	-19.0074
-4.95565	-18.5503
-4.12862	-19.4952
-0.250076	-21.5108
0.330074	-18.3386
1.56825	-16.1798
2.422	-12.5004
-7.43618	-14.3561
-7.35427	-9.98609
-11.3014	-9.24038
-5.34234	-8.35336
-1.13659	-9.61658
-3.1869	-14.6217
-1.80825	-11.1198
-5.1359	-25.2925
-5.68225	-17.9163
-0.329879	-11.0831
-2.2434	-14.2532
-0.0162081	-13.0001
1.77158	-18.0168
0.534943	-17.2903
2.78478	-16.5736
3.94486	-17.6452
3.39243	-17.8811
1.92845	-17.5818
2.89307	-15.99
4.89523	-20.0896
0.132114	-15.1841
1.80851	-14.0926
2.93961	-13.3826
3.25266	-6.01362
1.21479	-11.2137
0.83654	-9.45376
2.19287	-3.01099
3.60677	-8.84066
-1.58287	-7.71729
4.06858	-11.8471
3.0187	-10.8803
-0.538074	-13.5096
-4.20033	-15.5495
-3.29228	-19.393
-1.90501	-24.2127
-2.14371	-18.624
-2.2017	-18.7855
-5.51533	-15.8693
-5.82571	-12.9953
-2.29717	-11.0978
2.43185	-6.267
5.54163	-2.33911
9.55435	-6.58962
9.92429	-12.0483
7.19033	-14.9012
2.33522	-14.1218
-1.03567	-10.9172
-4.07195	-7.09272
-6.53844	-4.80671
-8.05576	-4.01391
-5.58696	0.207123
1.53286	1.14697
-0.524502	-5.2758
-2.36118	-6.48272
-2.07675	-13.3305
-3.47872	-12.4158
-20.8432	-8.89665
-19.3535	-12.498
-10.7913	-10.8037
-3.90478	-9.39681
-5.6714	-19.7766
-7.03462	-21.0345
-0.674079	-16.8168
2.59712	-11.3903
3.17374	-11.6229
1.43672	-11.3423
0.816441	-11.6244
1.16916	-9.87396
1.76814	-10.4416
-2.23323	-12.6644
-7.26177	-16.687
-7.34194	-14.6714
-5.32457	-12.0556
3.47754	-11.4685
9.142	-14.0603
8.46001	-18.0387
9.17329	-19.0986
7.58286	-20.3846
3.11331	-23.4257
-9.18529	-18.2467
-11.0724	-17.6558
-12.8967	-14.9389
-9.23119	-19.3776
-7.24767	-23.3339
-6.39422	-23.2907
-3.71168	-25.3328
0.904414	-24.4214
5.51863	-21.0381
7.64703	-12.1597
6.11605	-10.2898
5.37238	-9.24286
3.35816	-14.683
3.79171	-13.3975
-6.53962	-7.8683
-8.66474	-10.1277
-3.42886	-8.87376
-0.510493	-15.3977
-2.86637	-19.0624
-6.30766	-14.9406
-6.02416	-15.1211
-5.76444	-15.5139
-6.2794	-14.7707
-4.7904	-17.1604
-4.64473	-17.1736
-3.2017	-18.3625
-1.04133	-19.1538
1.88649	-14.065
3.56285	-13.8509
4.72758	-11.5533
3.22982	-12.9159
3.78674	-10.0226
4.38031	-7.95423
7.3875	-2.75894
6.6444	-3.73629
0.0873313	-6.17398
-2.13493	-13.4968
-9.81357	-7.26745
-6.86134	-14.3504
5.72316	-9.06766
4.60672	-13.6965
-1.99066	-8.36467
-6.80081	-9.47258
-9.43929	-8.71008
-10.0432	-9.52509
-12.1074	-7.51803
-14.3768	-7.50336
-14.6886	-6.96081
-13.6564	-7.55828
-13.6868	-6.09347
-9.77063	-8.00688
-5.78254	-11.8391
-2.17839	-17.2467
-0.116994	-21.7997
0.533244	-23.7421
0.536692	-23.8996
0.848782	-24.3785
0.464123	-25.4406
-0.14959	-25.7388
0.880752	-24.3972
1.80225	-20.9086
3.12001	-11.6787
4.89674	-7.25854
7.31749	-4.3784
6.90916	-5.63887
1.10414	-3.27084
1.21973	-9.485
-6.26489	-8.3449
-5.50943	-9.7241
-6.44278	-10.3579
-10.2376	-9.47509
-8.62355	-9.96841
-7.09157	-4.05421
-5.30359	-4.97746
-3.26092	-2.43632
-4.95356	-2.49051
-7.66206	-2.45901
-6.51178	-0.845236
-0.857784	0.619264
-1.37066	2.91682
-3.98722	7.28673
3.20532	7.26168
0.898152	5.51618
0.377218	-2.81979
-0.125953	-4.14711
-3.36773	-10.2557
0.576187	-6.53556
-2.71285	-6.03314
-3.83678	-8.61594
3.75224	-6.46802
-4.38596	0.520623
2.33495	-4.50433
-0.111803	-1.32008
-0.625382	-7.06788
1.59317	-2.30009
-3.14671	4.3444
0.819478	4.5724
-0.065035	-2.24174
5.0273	-3.21708
2.93568	-0.523569
6.39814	3.69376
-2.00894	-12.9114
-8.07798	-16.8077
-9.98302	-16.1247
-6.38321	-13.8058
-7.31729	-10.6945
-5.1833	-6.02265
-2.34086	-3.72709
3.22309	-7.23895
6.18151	-15.8894
6.49351	-17.5344
5.94528	-16.3413
7.42757	-16.7021
4.79038	-13.8468
6.56418	-12.4551
12.9808	-8.45301
8.83212	-7.29036
6.3807	-4.2219
-4.9974	-9.28702
-0.70311	-7.60623
-3.78952	-8.09852
-2.60393	-10.5208
-1.92896	-15.6468
-1.41968	-13.8782
-3.99886	-16.8902
-3.69899	-16.1362
-3.74208	-15.1028
-4.26991	-14.6395
-4.80739	-14.6544
-1.57692	-16.3574
5.66761	-18.4195
6.45275	-13.4896
1.83891	-13.6575
3.34571	-17.2033
2.54629	-14.6782
7.00083	-10.8932
-0.729051	-16.9743
-1.16456	-17.4263
-1.25543	-17.7991
-1.91895	-17.2359
-1.63527	-17.9722
-0.940342	-18.0044
-1.22788	-17.3372
-1.67681	-17.992
-2.14399	-20.9214
-1.16657	-20.5656
-0.61943	-23.8875
-0.425999	-25.9994
-1.90582	-28.8276
-2.2852	-27.7356
2.68193	-17.3056
2.5782	-15.7362
2.353	-12.3106
-1.4388	-9.93489
7.2074	-18.5117
8.06907	-17.6921
5.58519	-14.7927
5.77898	-17.4546
8.08567	-18.0117
6.75051	-15.4054
7.29367	-13.6791
6.18329	-14.2594
6.86678	-13.6155
6.12704	-13.4317
2.10425	-20.6464
0.565092	-22.1141
1.87088	-21.6789
4.10804	-19.5206
4.7141	-16.7559
5.2948	-15.5716
3.02319	-11.8077
-0.64408	-9.95476
-2.50822	-11.4073
-2.34894	-8.5014
-1.39519	-8.65365
2.15651	-10.5933
2.46852	-12.0504
0.733662	-13.2029
0.201034	-14.0908
-1.35688	-13.8891
-2.14539	-13.7347
-1.96862	-13.6941
-2.25267	-10.3958
-0.117267	-8.5786
1.04615	-6.62833
-0.10539	-6.77065
-0.484066	-6.81644
-3.48003	-8.12869
-4.55437	-10.2202
-6.32962	-11.4118
-7.73277	-10.641
-9.24433	-10.5707
-13.1503	-10.8266
-17.4042	-12.5508
-18.0745	-14.141
-5.79259	-10.9745
-4.37697	-10.6675
3.89484	-12.3372
-1.71668	-10.8783
-2.12701	-16.6244
-2.19179	-10.0587
-5.92033	-14.7479
-13.3408	-15.0117
-11.1387	-15.485
-3.43901	-14.9201
-18.8038	-17.179
-20.5455	-15.9895
-18.2344	-12.9113
-15.8689	-10.9636
-10.6753	-8.09709
-9.03682	-7.34401
-6.95456	-7.13138
-4.92853	-7.54942
-4.80463	-9.78947
-4.50921	-10.4015
-2.5194	-13.088
-1.465	-13.0729
2.48345	-3.35394
-1.38136	-7.72216
-2.48318	-12.746
-4.24145	-9.67608
-5.34003	-11.5874
-3.41937	-10.9466
-2.08616	-2.85458
-1.03753	-6.58922
1.42522	-6.42596
-0.666942	-5.17641
-1.82695	-12.5329
-2.12957	-4.30751
-1.56063	-6.91128
-4.52897	-10.598
-4.5375	-12.5825
-2.45785	-14.5374
-1.6285	-16.9147
0.65203	-19.9233
5.2137	-22.9315
9.98813	-23.774
4.39348	-18.2016
4.34876	-20.8086
1.90178	-20.2589
-0.017122	-18.2167
-0.447284	-18.0895
1.10179	-15.9497
2.44747	-14.4795
0.191624	-14.5427
-1.24165	-9.03965
0.281367	-3.08624
0.0369596	-5.57574
1.11663	-0.333969
-1.41843	-1.28282
1.397	-13.2876
1.51998	-6.6938
11.2437	-10.0144
4.99051	-14.221
0.38884	-9.42782
0.971515	-1.78439
1.93742	-11.0518
4.50976	-9.52949
1.85233	-10.872
0.830405	-9.55201
-2.96303	-12.8361
-5.48051	-6.42868
-11.6526	-4.71638
2.08501	-12.2986
3.06402	-17.9573
3.7355	-19.2902
1.24713	-16.7932
1.39626	-16.9488
1.74382	-17.0376
1.5479	-20.4451
0.248024	-20.1073
0.601746	-23.3207
0.559618	-28.4304
-0.103275	-29.8522
0.23152	-31.1169
-1.50647	-29.3069
-3.48565	-26.465
-1.36875	-26.2416
-2.206	-23.4694
-1.00367	-17.7793
-0.594516	-15.9247
-1.93683	-15.4078
-3.00571	-13.1577
-1.52756	-10.3925
-1.7556	-6.667
-0.806616	-7.16418
-0.192925	-4.28123
-0.792145	-4.3811
-0.282495	-6.77154
-0.32879	-3.00086
3.97344	-3.62332
5.14732	4.27708
7.2805	-0.50471
4.11619	4.54139
-4.71539	3.08531
0.981709	0.2617
2.53872	-0.940302
2.29858	-8.20468
1.14403	-5.99196
1.00901	-3.45069
5.14933	-6.40606
-1.98808	-3.07004
-0.704733	-6.31607
5.34619	-4.39157
-5.83426	-16.1393
-10.4825	-14.765
-11.45	-14.0464
-11.7825	-10.5246
-4.95996	-10.7148
-4.18462	-8.25166
1.28649	-10.6922
6.48678	-17.2155
7.23579	-15.9714
8.37136	-16.7929
4.26888	-11.9712
4.68428	-11.7227
8.83836	-11.7264
10.4679	-8.71545
3.57046	-5.77225
4.83547	-4.21497
1.96418	-8.74157
2.02263	-7.79688
-1.92571	-5.78607
-9.404	-9.00216
0.715	-8.53566
4.7006	-20.0997
1.9815	-24.7887
1.47097	-24.1766
1.51142	-23.9705
-0.131303	-24.0354
0.971402	-23.3427
-0.422383	-22.2563
0.225695	-21.3608
1.20425	-21.5245
9.13752	-12.8578
3.64886	-13.9801
1.7006	-16.1798
3.42776	-18.1513
5.71047	-19.9064
7.15206	-16.6521
5.96491	-11.2123
6.14987	-8.61497
7.1046	-9.02552
6.47115	-6.47691
8.81104	-6.95772
8.39584	-8.1419
8.32105	-7.21644
-1.62248	-8.59172
-7.44015	-7.30785
-5.44002	-4.54724
-4.00228	-4.97887
-4.03282	-5.96578
-3.3994	-6.88946
-1.78234	-6.45495
0.43016	-4.88284
2.5925	-4.5981
-3.71272	2.61297
-0.680611	0.681846
-4.85078	0.306519
-1.29896	6.59762
0.551169	-14.3693
-1.34914	-17.7779
-2.10342	-16.0072
-0.771618	-13.1014
-3.25122	-7.18969
4.67207	-4.42811
5.0435	0.763606
-2.07044	-1.73758
-5.55528	-4.90924
-5.03612	-9.01633
-3.07211	-11.0165
-5.30142	-7.47805
-3.59686	-3.99032
-6.36938	-11.11
-0.895575	-4.81526
1.24084	0.491863
4.39477	-5.16615
3.28345	-6.3359
5.07864	-6.61747
5.13499	-6.16147
6.19361	-2.56226
6.04515	-3.8459
-3.17242	-1.49085
-8.74307	-4.15901
-9.57213	-10.3727
5.49668	-15.2226
5.20531	-20.0511
5.6834	-21.3534
4.61939	-20.5133
2.12022	-19.7794
1.20906	-19.6395
-0.0642502	-18.0362
-1.21242	-17.1435
-2.35371	-15.3213
-2.59496	-16.6522
-0.583535	-18.8374
0.194787	-20.9402
1.24486	-20.0935
-1.33953	-16.6372
1.14506	-20.9045
3.71687	-26.8915
3.37331	-26.2353
3.74774	-23.4007
3.31592	-22.4399
3.88164	-20.8114
5.72828	-21.3848
5.13752	-19.0991
9.1291	-9.28549
10.0835	-13.2515
7.03704	-13.8681
9.79742	-5.46042
8.44335	-9.07952
2.11342	-4.82047
-5.90486	-5.48777
-6.85306	-8.51646
-7.33264	-11.8514
-7.84099	-10.5765
-0.0166136	-5.60421
2.26579	-13.7988
0.700116	-15.9972
-0.109509	-18.3051
-1.71327	-18.1212
-1.98795	-15.1605
-0.810435	-9.37253
3.34458	-8.08941
3.21768	-10.9251
5.84847	-9.54121
0.493034	-10.8257
-1.39826	-14.6757
0.376198	-11.6947
2.17765	-12.9637
-1.72082	-2.32837
-1.61497	-10.9881
-0.500181	-15.551
3.66075	-17.8322
6.69721	-20.6879
6.0702	-15.5152
8.59892	-12.4925
3.1716	-15.8052
1.02173	-14.1893
1.44965	-13.6484
1.07537	-10.4136
-3.42147	-5.42368
3.19754	-4.05367
1.3561	-6.12533
1.53821	-7.93225
0.585903	-9.27935
-0.881446	-12.3591
0.582633	-15.5547
1.22467	-15.5358
3.30359	-17.8819
2.80328	-13.5468
0.556909	-7.10964
6.78451	-9.88628
0.179009	-10.7906
0.4318	-7.03332
-1.58484	-12.3785
-4.99901	-15.4682
-1.86161	-14.9255
0.681641	-13.2889
2.08611	-10.2004
3.26678	-11.684
6.91855	-16.5935
7.49946	-21.2772
5.81446	-23.8369
3.75691	-21.9519
2.99492	-20.5292
2.23722	-21.092
0.999107	-19.3592
0.390208	-19.75
-1.97527	-20.6763
-0.575785	-18.97
-0.375244	-13.1766
2.11807	-19.3018
4.80488	-19.2373
7.3059	-21.7363
6.64882	-18.0092
4.66199	-17.0087
-3.43854	-20.4621
-9.35144	-17.9169
-12.2769	-19.6075
-10.261	-18.3874
-9.60336	-17.762
-11.5287	-17.9859
-9.24111	-18.3028
-9.93639	-18.323
-8.85586	-19.8423
-9.22302	-18.1437
-8.83046	-19.2357
-8.6515	-21.9892
-10.5207	-21.8391
-10.4478	-25.0411
-10.913	-22.2378
-10.9458	-22.9795
-8.97942	-23.281
-1.71565	-8.03059
1.30132	-4.68194
-3.01122	-7.40366
-7.92093	-10.9534
-5.24176	-3.55493
-2.86785	-4.70993
5.05571	-10.4737
5.58407	-1.3706
2.81486	-1.52698
4.65958	-7.5318
4.58537	-6.61574
1.57507	-7.0934
1.27226	-2.69897
-3.50981	-6.33955
-4.50467	-9.78051
-2.35021	-10.261
5.12165	-6.67102
1.04639	-9.66937
-2.40049	-7.05728
-2.10729	-5.6275
-0.610235	-2.17943
-0.502805	-0.166335
-5.99281	-3.65493
-5.24915	-3.71604
-6.7403	-0.609053
-3.12132	-7.13487
-0.561572	-0.687995
-1.97779	-0.349738
3.95424	0.321871
-0.811163	-3.80309
5.24672	-5.00891
0.920055	2.90922
1.2175	-7.1385
-8.2671	-9.43617
2.98935	-1.56732
-7.72304	-8.76969
-11.0214	-10.8999
-12.1222	-9.22448
-12.0829	-7.44196
-11.6769	-6.61036
-11.8597	-6.722
-10.5084	-7.73654
-8.51598	-9.3468
-8.15729	-9.17369
-6.25993	-10.0966
-4.78205	-8.52561
-4.56206	-8.64034
-4.17491	-9.09276
-4.19136	-8.61754
-5.68336	-10.711
-6.35966	-10.597
-7.63477	-11.0533
-7.79068	-13.2887
-8.56625	-12.9608
-8.19822	-10.5654
-6.91008	-10.2086
-5.99742	-9.71577
-2.24698	-9.41195
6.85151	-9.53038
7.1372	-11.4928
7.55204	-9.58285
5.98256	-8.82786
7.56248	-11.1063
7.74383	-9.08921
7.1944	-11.2092
8.08542	-10.8436
11.9709	-10.106
9.08758	-6.9782
11.5062	-3.79016
6.43357	-1.89249
-3.7933	-16.0761
-7.44437	-20.6082
-7.11501	-21.0244
-7.77258	-19.8148
-5.42905	-16.6772
-5.40181	-13.8736
-5.38664	-11.3789
-6.98528	-10.9644
-7.12942	-8.91284
-7.4983	-10.1016
-7.0172	-10.2414
-6.37617	-10.6161
-6.77391	-10.9542
-5.05268	-12.5642
-2.08155	-13.3918
0.78813	-17.1612
5.15172	-21.5514
13.5844	-22.2915
10.4784	-18.2234
6.46391	-25.486
0.678836	-20.022
-2.42592	-17.0698
-3.69026	-13.4978
-4.30468	-12.9193
-5.61555	-10.1322
-5.04782	-10.1073
-5.28749	-8.8975
2.61627	-2.77203
-0.3546	-2.6897
3.29459	-7.01014
-0.0811772	-6.11834
-2.73602	-4.51076
-9.92997	-3.63325
-13.1558	-10.5582
-15.1775	-9.52635
-15.1192	-9.96895
-16.5423	-8.6243
-18.0902	-5.53897
-20.52	-3.10423
-19.9825	-4.85541
-21.3348	-5.57353
-21.0991	-6.67738
-19.2455	-8.09395
-18.6396	-8.20702
-16.6393	-7.41792
-14.6135	-5.63874
-9.2415	-5.60087
-7.06758	-7.50379
-5.18	-10.6939
-3.73942	-14.651
-3.2614	-17.7744
-2.73887	-19.5153
-1.89839	-21.3117
-0.233778	-22.7086
2.93993	-22.356
5.30617	-19.5971
3.21481	-18.7176
3.42941	-18.9114
7.42685	-20.1154
5.27121	-17.7506
0.840103	-18.9989
0.987143	-21.907
-0.366873	-19.9723
-1.0381	-17.6662
-1.25844	-15.6161
-1.40726	-16.0893
-0.986144	-15.8776
1.64708	-13.4772
2.07228	-13.1697
1.32812	-10.6976
1.1986	-9.2653
1.68004	-11.6166
5.06908	-12.4036
4.8734	-12.3698
1.89168	-8.48483
2.37716	-12.6092
7.16584	-11.9431
7.40547	-9.96807
10.5887	-5.08497
4.32744	-1.28226
8.66152	-3.29873
7.96481	-18.0166
11.5136	-18.7748
11.4954	-18.9314
5.88756	-9.82374
7.47275	-8.50302
6.75466	-9.84542
5.49159	-17.624
6.99148	-22.3279
5.23054	-22.8758
3.49598	-23.5207
3.15597	-24.1717
3.47107	-24.2591
2.98918	-21.7192
5.08452	-21.6138
7.52828	-21.7889
8.14638	-20.71
8.95862	-19.3838
7.28727	-14.9588
3.17502	-8.99014
6.88613	-4.86809
-0.347728	-5.88489
-2.05483	-4.62727
-2.63858	-2.0167
-1.1667	-10.7056
1.9189	-12.5688
3.61021	-17.0834
2.59982	-17.0724
2.52717	-17.0604
2.05278	-16.5451
2.12962	-16.0737
2.91392	-16.3554
4.9899	-14.9614
3.5794	-11.6544
1.06667	-6.12105
0.359645	-6.79153
0.980581	0.227028
4.27498	-3.81166
5.49506	-3.64123
3.87798	-8.79485
2.46829	-11.8611
2.04474	-14.3134
0.00204679	-16.3089
-1.2422	-15.9184
-1.38566	-14.5151
8.71731	-13.6663
7.01405	-16.3941
8.41064	-15.1201
7.01029	-15.0059
7.14681	-15.1614
7.49407	-13.5652
6.95951	-13.6006
5.9926	-13.3786
3.70935	-12.6838
1.76664	-17.4286
-5.04238	-22.6244
-6.59025	-22.2196
-5.0803	-24.1139
-3.66812	-24.3743
-1.64276	-23.6597
0.815911	-21.6086
2.90328	-21.018
3.3857	-21.4901
4.90699	-16.3948
7.15346	-16.5258
4.25473	-15.4862
3.57369	-17.3651
2.60475	-20.5235
1.50767	-22.1611
3.29569	-22.6078
4.23849	-15.714
3.16885	-18.7427
0.761263	-20.8672
-2.38769	-22.2182
-0.193938	-20.6206
-1.4286	-18.9869
-1.04372	-14.6853
-1.07409	-12.1398
0.324022	-10.6193
1.32381	-10.3063
1.82577	-10.4907
2.0891	-10.824
1.93645	-12.1172
1.90298	-13.4261
2.17317	-15.7024
11.1408	-17.0781
7.14061	-17.7642
6.80508	-15.8895
7.34116	-14.7763
7.33827	-18.4833
6.16477	-18.2903
4.73426	-14.5273
4.06247	-14.7593
0.634759	-17.5149
2.92751	-11.3312
3.83282	-10.5794
0.262426	-13.0965
0.259092	-5.97397
0.595882	-8.7195
2.72022	-5.79086
-0.722469	-9.14914
3.67174	-7.00242
0.0142681	-8.34773
-0.9236	-5.54088
-0.836017	-6.82336
0.0323949	-7.99082
0.536857	-7.29288
0.902325	-16.6559
1.38049	-19.5317
3.35485	-19.0318
7.42794	-18.7223
5.38141	-19.616
9.55993	-22.8106
8.83711	-24.1371
10.5279	-22.0276
6.89227	-20.8239
7.45353	-18.6481
6.68403	-17.1068
6.30509	-13.095
1.03515	-17.9929
-1.0625	-19.4141
-3.4199	-19.4532
-1.44964	-17.3085
-2.70828	-14.6612
-0.559829	-14.8991
0.551837	-14.3375
0.786136	-14.2484
2.7284	-16.49
4.33511	-17.7749
7.18351	-17.2723
3.39145	-17.7108
1.36962	-5.85157
-0.542494	-11.0223
2.43928	-13.792
4.84841	-6.06668
3.60604	-8.06153
7.3989	-9.77171
9.19513	-12.8089
9.22875	-7.39579
5.85788	-9.86969
5.94393	-9.39176
-2.92697	-5.61048
-0.771291	-11.453
-4.85735	-11.0082
-6.8941	-7.95669
-7.39103	-6.00113
-10.4876	-3.87451
-13.7148	-2.4707
-15.3317	-4.8749
-18.0738	-6.70663
-19.453	-8.34788
-20.4287	-9.4704
-22.7231	-7.24255
-21.2647	-7.65494
-20.9829	-6.88569
-20.2684	-5.00451
-18.5908	-2.48573
-16.8149	-3.16481
-11.9685	-5.94908
-10.5823	-6.45351
-5.31735	-6.84891
-6.34935	-0.271362
-5.1066	-3.22207
-4.71267	-10.1222
-7.65724	-8.83441
-3.16676	-5.82087
-5.72773	-8.22652
-3.32398	-3.40958
-22.9262	7.89231
-11.623	-1.03076
-11.564	-2.25717
-14.8953	-8.24548
-11.3897	-7.50571
-13.8844	-7.06118
-16.1887	-6.48802
-16.6783	-7.23904
-15.9655	-7.45472
-13.0332	-8.67881
-12.7174	-6.58405
-13.1235	-4.39956
-7.66798	-1.64178
-4.36553	1.68747
-0.677825	-0.393758
4.59437	0.392613
-5.4957	-2.27012
-6.15733	-2.29338
-8.70433	1.47542
-8.67241	-4.14286
-6.5175	-1.89425
-11.078	2.24834
-10.1992	5.36898
-8.85414	3.25738
-8.45949	8.7036
-4.28574	-0.230087
-2.47807	-3.84194
-4.89169	0.565535
-4.39035	-5.85446
0.203003	-4.78432
-0.5043	3.65168
-2.36162	-7.49286
-11.7269	-8.50133
-12.4919	-10.0188
-9.15605	-12.9237
-4.27315	-9.67542
-7.37305	-9.75314
-5.42137	-8.59565
-4.47448	-9.05426
-4.57585	-8.57763
-5.69648	-7.94483
-5.70472	-8.83894
-3.75964	-6.81058
-5.35002	-5.32349
-2.33973	-5.29011
-2.64091	-1.96785
-4.62512	-3.57772
0.398483	0.515116
2.97185	2.74136
0.6068	4.56587
1.17157	9.38716
-8.75244	-2.24581
-10.7281	-18.9255
-13.3457	-16.3213
-11.572	-16.3785
-8.67497	-15.7756
-4.06804	-12.7021
1.97554	-5.45189
7.59546	-9.85767
11.7297	-12.1301
4.61398	-11.9425
2.78066	-13.8045
-0.0710019	-12.7087
-0.486012	-13.3328
-1.73733	-12.6265
-1.67616	-7.64781
1.22919	-6.91118
-0.625799	-4.53149
1.45102	-3.63759
4.6543	-0.589181
5.52765	-1.62606
-3.33625	-5.5051
-2.60647	-10.0537
-0.32682	-5.73846
3.91739	-4.33283
7.52555	0.885088
2.46649	-1.50895
-5.40115	-6.71482
-0.814735	-2.99529
-2.45937	-8.25314
-3.17392	-9.28689
1.18119	-10.792
-0.188684	-14.3081
4.30308	-8.21703
0.676188	-16.3191
-0.833883	-16.2562
-1.39576	-13.3735
-2.26713	-10.6987
-3.27385	-8.8297
-3.93853	-7.18953
-5.36802	-5.28568
-8.48063	-1.76287
-10.6538	0.890568
-13.2195	1.09617
-13.8998	0.167097
-16.2443	-1.45598
-17.8642	-2.71826
-19.9819	-2.93997
-20.8403	-2.42085
-21.884	-1.83073
-20.3936	-3.26731
-18.1407	-1.26537
-15.8876	-3.51141
-14.3527	-3.93415
-14.0052	-4.7442
-12.9016	-4.58373
-11.8096	-5.55659
-10.8629	-8.206
-9.34567	-10.3155
-8.7329	-10.0888
-7.48091	-9.61313
-7.19575	-9.03551
-6.55547	-9.58245
-7.26425	-10.044
-7.41844	-9.16506
-5.97898	-9.19939
-3.0812	-8.49532
-6.83286	-4.22775
4.59211	-4.59415
-0.68552	-9.7859
1.78786	-1.6821
0.324355	-1.05129
-1.46311	-6.39642
-6.985	-11.8776
-1.32802	-13.0848
-0.514614	-2.24423
-0.880974	-8.00944
1.38212	-11.3921
-3.9254	-8.25231
1.68624	-18.373
-2.0236	-14.2137
-2.66436	-13.8755
-6.69719	-9.18044
-7.93084	-7.62608
-7.51948	-7.89893
-4.12032	-12.3461
1.25155	-19.3377
8.39845	-8.7138
7.45811	-12.5577
3.57902	-17.8487
2.64859	-16.4667
3.14754	-4.14864
9.42751	-10.6188
1.80242	-13.4376
-1.61488	-17.1166
-4.12357	-16.4276
-10.1251	-14.6222
-14.1266	-12.7106
-14.844	-10.5899
-10.8078	-11.0039
1.56998	-9.55238
-2.37194	-6.95086
-3.12607	-9.37784
-4.68564	-11.3005
2.53981	-6.13307
-1.95854	-3.11896
-22.9524	-6.95665
-15.5148	-11.0258
-9.74429	-9.41677
-11.3434	-15.4026
-19.3103	-17.3603
-22.5063	-15.2338
-22.7126	-15.1686
-20.9075	-14.9221
-20.3093	-12.2128
-18.9113	-10.7848
-18.2402	-11.8274
-19.0886	-8.907
-19.604	-7.16065
-23.7017	-3.90503
-20.5555	-6.34569
-22.5083	-6.93331
-19.2008	-3.04406
-15.8688	-0.300428
-13.4193	-0.317599
-10.6378	0.901036
-8.5276	-1.86496
-7.31573	0.205578
-6.42697	0.716133
-7.3291	3.71853
-5.86705	-0.708582
-3.66435	-5.20213
-3.50647	-6.78001
-1.42803	-9.42455
-1.2574	-11.1052
0.11126	-12.0381
2.89773	-17.7123
-3.14769	-7.545
-3.55122	-5.23465
-4.66147	-6.36771
0.629671	-12.8296
-3.56873	-14.5553
-1.50514	-8.52017
-7.41866	-10.5363
-5.94421	-9.26819
-8.70961	-8.16735
-9.64281	-8.26419
-4.61756	-12.7656
-3.55256	-12.6718
-3.54067	-11.4569
-4.56222	-11.018
-0.115117	-9.07111
0.379083	-10.533
6.0803	-8.5379
-1.80288	-6.15775
-4.20024	-8.60968
3.10477	-4.29268
